21539
27441
16184
35251
35621
39250
30163
21573
3516
42003
43385
8530
17075
17780
31942
1061
8026
26863
41854
46203
21668
1883
41740
34329
13596
6246
25117
48494
42868
24854
46810
42368
39025
11619
4318
30877
18724
32811
46846
49548
15077
23649
39174
36078
37115
43026
46908
44500
7906
42223
9951
18629
15374
34977
48450
41495
4664
46211
21992
30499
7575
46615
38496
29294
47242
7273
32750
49848
48314
45926
12828
3035
39114
44095
41510
43683
28490
44073
8775
26018
14619
23359
33331
43403
15805
46278
46005
38168
29621
34975
27425
41045
38163
23286
40037
9236
32206
17180
46364
852
31865
32332
14122
705
10839
35849
43475
12203
2367
43122
31360
42255
40350
30718
28142
10526
19871
7866
49831
49953
33474
4549
13208
4078
4110
34926
11228
8426
29523
23436
14503
17771
28642
19400
25145
39133
20653
28695
36112
42471
48281
13986
33611
32366
33766
31258
45042
8394
25819
18528
33455
12500
2922
37807
49866
11537
18554
9203
30452
33471
38269
37557
2144
17484
21619
28452
5579
43432
9853
3437
24593
31140
15049
29004
32383
2028
483
29775
41249
13499
36378
31255
2518
4201
45338
26857
22750
14580
30139
31162
21330
36721
8462
4308
36853
13990
43488
34492
30501
18493
23894
38344
719
17391
39330
24615
6471
40552
47824
31310
22845
23832
12156
40024
18408
34816
32983
15411
14797
13793
23462
12265
12675
23056
7632
40913
42836
18347
22901
32432
10497
16868
1796
33067
15586
35883
30710
33496
35931
9463
18149
7378
6006
8397
2268
49320
41809
12104
44681
17104
42752
13332
7309
9994
44775
28787
5012
43105
12123
42939
23101
15889
7521
12009
23221
33531
17011
40870
19454
29665
28793
47900
33901
42226
29726
8900
23040
32244
34079
14323
16142
27601
13271
22258
41954
8010
3594
2836
45265
1518
49762
31371
34190
20246
39440
47837
4307
45821
21828
5118
23302
27847
16397
46464
6530
23368
6099
22153
15869
38080
12031
38169
4922
18157
30378
47920
1891
41941
46179
23934
36892
3414
19344
35125
17021
11533
42877
49079
22364
10384
6553
12633
25482
37902
35343
34320
27493
1545
5656
30136
29058
3529
27345
40611
10140
40632
33169
28188
46598
38770
5574
46531
27905
45898
17810
40578
35893
46349
4526
39175
16270
12907
33751
19618
18043
8807
3008
1388
10329
22301
28331
23317
1934
10962
6543
17934
11725
1590
21815
14287
11579
34953
13992
29947
10130
2411
41758
6958
38155
10029
16551
46971
29931
44520
40536
23933
44926
16029
29823
21888
22493
43238
16831
48050
47619
15475
49312
13300
2165
14346
32726
39499
17262
534
30646
30056
34472
38741
38955
10183
33099
16420
5238
12819
1418
25184
33212
35178
22568
26158
43467
28760
25144
28963
4001
26920
45884
38750
18539
17486
42063
39652
22763
35501
45476
12524
29492
44730
5126
46337
34039
10577
37123
30504
40593
30513
157
24648
20744
6355
6834
36064
5633
292
26076
46700
42262
48176
32481
14310
49540
36846
29908
47160
45377
22804
7859
23607
49347
33955
42233
18982
46681
38942
38495
34064
39598
41620
34229
34845
26940
41402
43292
17945
34740
9012
24306
40946
12483
33647
11812
28353
3737
25403
16026
1830
25515
16724
40180
16214
35077
10965
23138
26332
9725
32608
9248
15896
3834
25186
30768
38571
33162
8910
43795
24838
49439
34587
39361
46936
31031
45150
19927
46787
21006
15417
24915
35367
21256
23063
533
41344
2021
40846
41724
716
45990
24047
46389
12978
40375
10583
43938
1417
40680
36031
39409
48948
49637
34800
12855
41565
40088
47669
1010
22497
20244
22128
8982
46806
19347
36230
32725
10478
4991
27052
7637
44697
17577
46315
44816
27360
37465
218
35208
1556
38430
33811
19486
46967
47106
12272
42138
41207
27735
48466
18117
13034
43771
26893
6619
3869
38625
6542
45455
12981
17517
39982
45523
40852
16971
45452
11544
13410
48713
32566
10535
41703
39271
10722
8904
26235
19863
18800
29078
46187
7972
19085
13958
32406
4635
10883
3890
870
2995
840
158
18000
11361
35316
45753
7033
24681
27205
35136
31011
23963
41833
10650
29381
49146
20533
14707
16623
17850
43646
25169
1981
23675
34424
36941
6285
9537
790
12859
9110
40280
9407
1347
13904
46580
20286
454
49586
2977
65
4720
15069
18480
18981
10332
2780
8034
25358
41539
39993
6239
10002
22976
17568
25818
46909
22098
40304
43047
26768
28107
25314
36166
17882
45320
27028
32019
9624
26551
49201
33551
19016
32304
40111
47471
42546
13079
38707
20026
26433
14307
6545
25272
49495
2291
36954
40923
3774
28103
38282
8004
15060
9341
25920
17705
23252
6346
24621
40899
21198
35576
12293
27237
49192
42950
49991
31466
35492
9256
38719
32248
27354
7167
23247
46761
46355
1909
21917
35247
4695
9606
48233
29742
16743
23470
5917
42242
9729
36694
16560
3501
40591
7305
17996
3120
19977
28069
43236
23113
29316
40087
19420
15699
34220
41562
26769
48194
46865
3846
20686
28932
29759
31062
23108
31936
7247
18425
21031
8003
15860
28694
41916
2916
23374
22905
32341
47508
8210
35810
20408
25776
42258
31868
34870
2510
38848
42133
39919
35420
34056
8361
30838
6569
14537
19891
39159
1938
47580
48847
4373
33759
41166
41569
21143
23196
33234
38935
28314
29768
18429
46687
15221
45499
46570
47066
23883
16457
3470
39124
46009
42959
10215
8724
13010
49720
24330
44586
38410
8728
34199
45004
12207
33336
48837
15646
27184
37809
21597
7515
15630
12059
13183
40651
21531
948
18966
17674
39164
1463
42561
28020
41888
21215
36507
41967
25407
38073
22349
14132
44969
32674
15095
2565
37991
47932
33795
9695
14387
45025
28647
35450
38208
40597
12168
36791
26185
48834
33447
47127
29820
22375
30560
33398
15171
13202
32236
17627
21357
8532
26124
12256
36036
22070
19961
34351
42667
28055
48942
48017
3472
28071
9550
38002
41232
1147
29586
8521
109
49416
30722
24799
42252
38391
40772
22066
32165
21064
2116
23664
43126
448
37997
32290
44546
19388
43810
9511
82
10797
37451
27662
7155
39452
44620
32286
5409
45085
29303
15420
5045
20664
3493
6215
5965
27104
25127
26691
37231
47681
45462
44632
5622
18332
44717
7051
14185
43043
16381
19149
30192
47857
23495
18442
40662
24128
15577
20873
42838
34609
47458
3032
41388
35357
27986
11694
8257
37391
36148
14048
22303
38885
49398
1614
20959
7558
12446
36555
30761
17261
24686
48910
42983
29715
19264
17575
35748
10325
30497
15895
18949
46048
38221
2913
26554
3523
7507
20419
9858
36787
41142
39125
19334
6714
49718
14229
2688
19017
43946
25225
3428
6962
39769
33219
7990
38866
49450
7391
853
12183
36022
19711
38569
22228
16945
34170
49069
1398
42489
154
13555
24558
878
45356
4445
26634
10234
48880
8963
33323
32776
37867
10487
5271
1168
44920
34853
30633
40295
20871
15068
3186
4721
20373
44140
10247
8313
27077
28965
13524
8965
38869
9351
33886
29276
18031
37045
10472
34100
40932
38096
17699
47251
762
9441
15788
45399
44815
47505
29546
13811
40094
11893
21963
22528
4396
8440
21751
23031
48888
49527
17738
43647
22283
40514
14335
10075
45384
37428
31111
13706
41415
6163
39356
41706
9392
22614
44436
32734
18897
17243
16113
39368
39791
39245
23014
13661
41358
37759
16691
12157
43992
16723
3563
37380
15780
37697
25350
47480
20563
9153
15540
39303
16009
785
42307
48607
12321
509
33598
40239
7193
22178
31276
4036
32664
3980
28661
39373
46538
47164
15482
17858
25175
38433
20120
25847
26026
20403
36616
2726
40731
38672
29654
29672
30089
11863
103
464
22044
6216
44964
29902
2025
45058
43617
9123
32128
23471
40477
45479
20574
6626
42085
31957
4725
18606
28085
41633
47520
23755
7940
10442
25870
26316
37819
18333
49218
14705
10364
11564
5053
42266
8598
5354
36393
41776
26958
19175
17957
29680
3637
506
35400
40456
14688
39340
40695
33841
19013
8866
272
22676
37310
779
42978
4154
31139
43893
8613
32157
18222
5581
29050
23851
17536
29964
15675
26062
2089
22244
37996
31623
27480
46605
30748
36208
1382
22226
3187
25653
31629
12035
44757
3166
2334
41240
13206
47564
42910
1895
46291
46401
40606
24063
3365
43106
13778
21754
41811
43783
37963
12778
16243
11324
9297
46473
47844
37605
13786
49364
23630
48569
24826
30155
45918
19182
12637
7921
30383
40643
35939
5890
27292
3666
46601
10170
35828
1976
41619
1284
7703
48592
42204
44834
7466
26955
9049
46385
46769
16641
44906
3693
36118
23697
30906
49117
19660
42565
39795
6290
6967
43727
2323
28834
31572
32516
46670
16305
14219
24923
33723
1077
1549
38034
8023
30750
4168
724
20534
27855
30196
49669
14171
21566
5295
961
10566
29477
16231
2054
18482
49771
1803
5387
5418
19577
24869
33176
21408
39037
17201
39145
15846
41587
33995
33317
6943
24000
45398
9922
36637
7357
16028
16431
11492
47956
37518
47643
5294
39498
30270
23353
45127
49161
20232
21834
34266
8370
21095
26511
48173
19609
42579
19761
46646
20506
32327
33815
8029
37285
42723
1779
21669
36380
33682
5904
7679
9788
14751
32561
7123
38457
47231
14153
29743
28517
11958
552
18198
13662
40857
37280
39952
21777
7364
33116
8519
41835
32389
46448
3734
35656
9037
49704
7405
8671
12273
41992
22548
39209
5981
25123
37517
44552
48181
5024
23429
31375
46099
36486
16443
31701
10059
17150
9902
31425
42591
45067
31994
17715
33926
12639
35870
24029
25925
30341
4525
35749
31740
49064
33536
27731
47612
30472
29478
18939
27351
29046
44195
35159
5754
31416
44221
25684
33115
35225
43525
11826
62
17702
1203
36362
30107
43862
39309
30733
47053
13246
1802
43881
11340
3724
23644
31712
25781
30039
24601
22387
6613
23323
18069
31872
10179
30491
27201
40803
45324
41651
8123
41779
7528
27336
41872
24496
30434
36491
29739
11369
24756
48643
49246
14047
15487
40776
8540
1035
1266
3930
10143
4796
5736
40881
48118
39611
47961
1069
9763
1027
19324
6749
33980
5225
6577
32944
17161
6936
9052
15528
8261
12249
27348
1313
41336
41537
15372
19161
36484
18312
12584
28473
3353
10158
40492
18509
931
1145
24473
9979
11787
25219
7851
2847
322
25315
18971
20285
1334
46413
1104
27949
10969
6964
43142
42007
3019
23371
4904
9458
35471
15835
8369
14775
27688
23991
29569
417
2001
44527
42348
12905
10074
16120
13601
6248
23557
2083
42605
29382
15774
47565
39924
46870
27086
30197
30853
39407
22739
10165
44206
11695
20203
19278
32160
28160
29014
39396
14464
4932
9326
7202
33485
2067
36174
11316
4148
4248
35260
37459
7928
5994
13613
36072
31242
9803
44305
27359
44808
22809
13054
31063
39900
20899
43130
24553
46790
25193
32228
14233
45543
21729
27481
26223
39764
43216
32307
3718
48305
24581
48000
10927
49644
8911
37775
6381
5845
4992
29210
48491
41078
1945
10949
27850
45864
22088
24544
39020
40265
45922
10859
45684
40338
23510
45212
1533
14563
1108
45858
31484
1998
7833
43799
21098
41846
21977
22981
18087
15471
29761
47021
26840
38031
6997
13845
9035
895
24918
13151
23257
26469
25447
1095
46044
21370
25164
28720
26568
19576
17156
42166
46517
5312
42359
14417
632
49537
19699
49643
28924
31766
16846
20671
12684
44693
14941
4395
19491
364
43280
40673
2288
4911
25820
3327
10493
16138
22900
8583
1958
2241
33259
1040
27405
33676
31328
39301
9682
23020
11441
18067
15154
30480
17490
42295
20029
12630
10948
24247
5774
1143
19172
4122
31919
3163
32225
35819
39291
9370
3020
33204
44844
3132
1665
5122
29782
2188
24493
8761
46827
12107
41526
20760
27370
23319
46786
8473
48835
41314
8405
49773
31557
11400
9683
11585
44691
48959
47852
18139
10723
46683
44303
33007
40264
22327
3403
48393
6000
24632
45179
21106
15212
32241
49049
14734
6292
1120
37264
38061
24975
26011
49304
31147
9970
1965
48568
20513
6650
44744
48958
48224
45534
33916
15379
16931
44602
29760
44806
13814
25062
15673
43166
25701
26954
37042
9395
24112
19365
48885
5504
11539
44123
28985
17624
2645
12141
34737
25103
31574
11513
18373
12790
36342
26111
21886
32242
5364
5646
6227
204
46801
12835
34
33988
2151
32500
31249
18080
21624
25976
2734
12759
27137
29623
46518
29169
31133
23135
45931
2511
37072
40656
17278
3951
19512
6896
35255
5147
24292
3224
1210
1783
36295
16040
23585
23276
28923
706
42256
28462
38759
35551
41712
48310
31311
21877
39980
45696
49961
1544
38589
29689
43945
41862
22815
12069
43202
4834
20659
2697
12230
46109
36914
6210
5613
39774
28557
14010
9531
23514
31532
33848
23072
21583
43914
24529
24368
28606
20827
28599
3837
19242
7596
40697
25111
2597
27566
24405
5568
18721
3043
5755
11566
36057
44857
38805
12688
3687
47498
48061
21355
11297
46527
33248
31694
41382
7765
39286
24425
8343
15132
1024
6697
45001
26112
26692
12324
48890
49501
19492
812
13525
39859
36657
38629
10233
44849
45011
5593
24831
7462
44913
35959
12909
9099
46460
21338
35627
35041
8863
10908
32071
45785
926
19414
26325
2133
16019
11828
10380
4147
33131
6251
1879
43797
25737
48423
38587
23871
14636
37
14512
32059
15882
35489
1055
19994
37530
3809
42615
45132
3979
871
45017
5791
23293
38145
26217
20073
7505
47782
13813
42985
12598
36382
3154
10050
12145
29465
23788
35083
42120
817
13723
16145
41028
1698
29890
44027
43901
43210
11040
3906
2131
25594
25273
7824
26804
32291
30888
18189
3852
20997
905
36249
30075
38501
17539
44863
31648
20657
11219
18930
13264
28515
7937
29461
12769
38936
20544
10066
19144
26976
40410
2370
32883
17621
2108
22803
24395
27585
9246
35430
49839
25234
11027
47306
12086
30293
47075
41205
41182
20497
8487
13002
28415
45395
5469
27269
4087
40479
10838
13296
23055
12535
12311
37438
36763
45547
9141
21009
19990
21076
8031
7948
27016
6168
3371
16795
40556
40055
32442
26214
24469
33417
45816
46732
5526
28281
19010
7598
22711
39444
4997
33565
4214
36521
30036
36955
7519
45412
46301
9800
27241
14079
44166
28980
4750
21735
47803
20428
12292
31640
46199
26091
11846
29346
42970
38090
41055
16038
23382
23234
16052
42729
21124
46313
36372
44938
42624
41643
36707
28031
42146
28171
415
31810
38037
29604
20241
40992
37700
38464
21191
4007
40873
35950
36371
9005
3104
32670
7225
2543
2690
37026
37296
5027
26148
24135
12443
36331
37829
8554
33303
3300
12745
9744
35137
38428
20669
12469
27000
13262
17276
27267
1534
9540
7439
43324
2350
48841
45088
36225
26444
1350
11652
35117
14815
8664
44587
19611
31197
13317
3243
18263
10460
4132
47786
25605
17997
12108
22696
40465
12008
8902
44421
4333
38400
23226
38586
26267
3818
49163
1594
34303
27770
10505
18572
35584
43535
44019
19055
32045
22167
40875
7721
14060
22625
16032
31764
5863
26567
19316
5925
15438
35698
45174
3432
16207
6942
8376
4026
8355
4546
37598
7492
13707
27561
28354
36034
35309
39991
10692
27885
47760
39072
44446
30774
4768
31948
40527
30400
42645
21937
42197
23626
33787
10134
20504
2189
13090
14961
21841
14957
24819
7344
19139
3909
38494
8804
7445
7860
8789
24140
30179
12294
8618
28174
47775
42502
38003
1135
27054
15791
18920
17960
39069
19976
10573
19575
13518
34988
38717
32902
25375
9685
48964
13854
35259
21535
45593
18392
30462
8246
7428
2446
3131
14114
43762
26870
43298
3424
9597
39282
8690
45512
32757
7995
45840
27290
4988
9077
49047
41670
5076
14635
26319
10591
42114
13741
47997
20771
36398
5234
40497
38519
1517
37308
33473
22023
44008
32471
22998
28522
35990
19089
29128
46874
29277
21217
30720
6511
47581
307
28527
26230
44018
25955
11061
27682
39395
35549
25559
37306
7338
18783
16905
517
39161
17036
18369
31927
28705
3544
42305
45486
37307
43882
49354
9778
39394
25265
26679
8465
33974
37741
29364
15828
43490
47655
11887
33592
9862
30010
16544
9365
34436
6302
20679
34430
19535
43200
7760
26204
4056
46257
24288
28348
3824
3887
12083
31235
29999
8737
17170
31889
40436
36938
49767
22813
4296
37427
23757
30583
8918
1731
43700
49520
9891
35139
29241
35565
15140
1214
15242
480
40463
13082
36735
21187
19588
3972
32939
10695
30219
36602
45981
43594
47020
15685
8557
48704
12979
29109
43257
44950
18086
28560
26952
49902
8622
21096
42780
6152
19736
6456
6253
10292
14495
18444
44989
37138
44287
18306
15434
18914
37579
6455
242
22010
31616
33986
6891
23861
27266
31292
16308
5808
29559
21109
35093
30811
35071
37153
13982
18957
46532
21002
3270
4793
24617
4300
25757
4868
33630
26440
12225
19192
46236
45335
255
1860
10837
38709
35557
4202
32775
4523
5577
21604
35431
41679
6359
47489
3115
20171
2673
42004
35886
48106
2044
14070
47542
43368
24804
25378
19623
48507
25900
49826
28398
34854
44471
33556
32370
30693
35291
37652
44798
23103
16553
35369
37961
41154
14833
38904
45743
15422
46671
5780
16221
3653
28997
42293
48946
37529
24239
30116
38099
31001
49456
27904
34136
33401
26459
21858
36820
40746
3536
45447
16394
35055
31816
17700
7998
17521
33880
10803
21253
39253
12355
8057
32405
15277
12485
46881
46775
28039
6086
14644
18727
49073
13199
7619
14811
11815
6244
3349
31554
30928
47001
44304
45066
8570
22668
45020
20294
48597
41845
33160
45596
32800
44131
10995
5260
1906
5923
8647
30810
24275
20713
37792
14756
49197
46721
16719
20636
42011
1163
15558
27600
14710
42586
41977
38246
46617
36009
48611
18233
42336
37685
19345
23509
14880
25137
29214
21381
31564
46006
3466
47608
30854
24858
2321
19460
31049
17947
37128
11981
18754
42621
37056
25837
974
38324
45450
35758
21799
36432
9080
21035
46233
12257
40600
21436
28543
18937
31184
40432
34468
26171
31506
41927
45850
43020
45697
40302
41745
3919
12289
43294
6544
27863
14325
27232
4033
41514
42066
49895
1412
23049
2317
37958
40167
4355
15770
12619
47381
20478
4481
27970
20249
25351
41216
3231
18034
34066
49979
25720
16126
1436
11313
44045
35589
7648
45203
15653
35115
39761
36843
28688
25533
13267
38201
46420
35483
8432
33781
1833
4767
42856
46689
28800
7666
1828
46524
37848
9147
15124
49661
22722
22759
34208
32203
8698
21998
37791
28351
39901
18438
27693
38394
45532
41010
12128
23821
32768
7041
18221
15519
10866
48802
45162
23953
24297
15370
42660
8546
36662
18328
45348
45905
223
49817
23065
2086
14940
34541
46709
21806
43438
43716
44607
28333
11001
4295
3179
46153
35441
22645
22355
32343
964
10012
4229
40745
11139
16222
11888
2454
22227
20630
49845
39674
46506
3411
26912
3505
39197
34215
46185
42799
40228
30994
707
38799
31151
18940
619
24672
39568
179
20447
10750
8099
12793
41148
42423
19375
6462
48615
43046
35639
43418
27161
7862
24861
48563
27007
634
26800
39247
10317
27756
30298
16233
26726
49237
25891
48268
40193
11628
37205
15339
1039
14016
10446
49805
36590
35615
45546
13864
33240
23595
33020
25071
19057
34625
22877
32240
16778
5858
39971
4820
23602
41266
21390
47991
9916
47470
40888
27223
21712
13681
18652
25732
7401
3872
43929
12310
10616
21893
6029
36589
25665
46174
10042
4097
8000
25572
6791
22492
37061
33654
3499
23193
18875
36469
31807
15141
21283
37162
43830
44158
16766
37711
1437
34519
29705
29269
45772
30706
45253
595
43391
42768
16386
34608
11771
17282
31505
28377
1768
5376
45293
30623
22075
43147
40990
30447
40185
17237
44342
5706
44637
28659
25748
21128
45497
17513
35106
15239
48553
45522
3773
4891
49815
19326
8196
17878
13746
46158
13141
42145
49123
17270
39460
12220
25108
32880
26009
24095
49303
39360
25037
49070
40724
48051
47199
9664
6266
35320
33172
17406
20209
28417
22142
21486
17537
23202
27673
46631
41627
17668
2140
4251
27531
20769
14837
1904
3230
26037
27221
44485
33567
6763
25275
30677
26838
8459
34729
47055
45114
20633
4210
19907
20684
45637
6882
49214
850
15495
26364
4418
30464
48677
4608
44400
27823
3389
34835
37690
10694
41973
8784
16083
36032
42050
4501
15681
43608
48101
45623
29191
4159
19922
12856
10009
6970
48276
10808
13658
29618
14105
7920
17761
33859
22104
13326
9159
38950
37969
18504
37334
9939
34250
16139
7072
28947
28276
17985
18828
6949
22890
33870
10953
46036
25733
25929
3982
9711
46412
11735
3841
48992
39099
18330
31767
4888
3059
21659
43735
35283
42756
39736
560
17341
47108
34196
40421
46002
22854
23992
14050
10280
2554
1762
29413
44365
4423
10655
6022
46973
34579
3352
11712
8711
7354
12560
25300
49483
2772
22233
38133
37642
22784
6272
28111
41860
7239
20464
29507
13060
36005
27829
20056
15848
20103
6237
24148
46263
34963
46562
42539
43863
14795
1022
25043
48148
47332
13324
33467
28929
13163
45143
13967
29347
31621
43955
49695
34731
42397
34661
35229
4013
4212
32669
1497
16119
14367
1784
14849
42638
15785
49454
18634
45148
3319
32440
7312
33354
15682
36250
15644
20471
14662
22214
40689
2203
16048
16838
36357
33918
46513
26141
63
2070
11151
14384
30842
962
13563
39042
20812
15061
28100
30548
40807
1855
5390
18694
19198
19396
47541
29313
46459
22207
4252
36974
26790
36377
27433
6416
49484
9467
37125
42134
44020
16016
14803
18790
42569
28089
24607
37748
39554
32373
32898
11466
14018
15472
5338
49918
18639
25442
27159
11633
28484
35438
17249
13831
43128
30590
39866
36290
25017
4626
33834
25662
47285
24796
4451
33797
1291
7214
14730
15741
27720
49491
4055
46684
44028
24586
25104
28940
9669
32191
7674
45869
39655
47870
37054
37260
17768
13635
41843
15354
45190
10625
48638
35379
48980
7526
19875
35472
787
19050
45275
20708
26448
38855
26136
2733
46713
40065
21805
18052
46219
12866
1596
4077
8193
49329
24335
22432
12663
41270
16785
18049
39734
29186
46840
28501
46272
2784
28156
7524
3870
40275
27774
9109
24228
35265
12874
27935
44771
31702
45742
20346
4498
3862
44892
7158
23783
7892
27723
4780
25782
12378
8617
9738
27722
12346
18998
28247
6478
44533
30815
34840
38823
2305
45416
36684
26950
17842
19999
31914
10406
4636
43006
7790
1676
1644
44187
5621
32083
8173
22974
3758
49754
34352
27624
42327
37968
18128
37044
16801
15819
21764
18642
37688
30429
39865
25595
39793
10863
18716
36742
30856
4403
38077
45010
39941
34148
40378
26252
24214
46359
7506
22760
44980
17908
39261
41585
15216
48481
10708
40620
8905
36924
22738
23709
6324
15712
19652
33502
34542
36281
18319
16677
22596
6726
42622
6417
19523
35888
28564
33962
18805
16141
42872
969
25800
896
31776
47088
47304
16205
19099
5422
28053
20816
27699
18786
21694
23708
34373
15027
7694
39854
30885
28495
10184
23863
13891
12942
10457
39374
21519
14301
48185
31797
31500
26797
38230
45034
40694
23971
27040
10779
39637
10095
43052
49269
46963
37291
13236
45471
4015
35155
37368
4807
48929
34069
6382
42587
22434
20100
14588
1939
6696
13224
34909
17657
14721
15621
35385
11570
842
20908
28550
42452
420
48937
12685
29596
24636
22751
35682
6732
25744
12944
37032
38712
4654
23814
39426
919
49043
14484
47141
46835
11165
2045
5158
43068
34990
16810
15286
11234
42726
11595
49302
14661
13346
20323
29539
29926
46149
24476
25830
9898
29918
28082
13244
11593
46698
31329
31985
25797
45820
6521
2376
26844
5178
35738
34506
47122
31440
36343
19370
29448
10300
23098
41029
16666
10763
9772
9193
27048
39384
47255
732
35143
45554
26388
9452
47085
3860
6027
48138
3927
18904
26715
28075
23979
38396
20402
17051
39850
39802
40930
36037
14542
10592
28553
15760
22897
18804
19039
14002
47148
14909
17550
43297
32412
42238
45561
34908
39719
14370
26095
32235
32589
30989
45730
988
33938
41015
10025
48290
48279
26918
6682
6978
6624
35592
29536
8335
32912
19391
9025
39794
21881
32098
15542
32909
47049
6494
31434
40072
14846
39766
38551
48063
30232
1478
11320
42201
36671
23811
27081
46156
5261
9681
25498
29370
37739
12810
27794
37861
6865
2881
48388
46332
34613
24373
19259
6196
3614
37063
41498
19766
44754
6340
25991
17847
28403
46408
26748
14265
26464
10010
39504
26197
7639
8172
34011
41769
34248
26787
26086
21590
37114
33433
33372
29123
25373
30601
36917
8536
19329
22546
24609
40398
34668
26624
31551
25678
19974
34128
5588
30212
13364
27896
36
17918
28310
39007
43271
23920
17600
3944
35944
29278
27070
4299
26778
23303
47212
41739
9423
34388
49297
46225
47161
43344
28583
31161
43624
31210
10359
20299
27629
25317
29708
31369
35338
47272
494
48554
27618
11917
48796
20960
49667
41520
32347
44104
35984
18641
14862
45192
49791
3076
11373
6423
8680
4809
16644
167
7003
48442
31461
24082
29267
39797
18032
756
22200
22398
23533
30225
37926
12884
27036
10964
33338
40802
15691
6663
43870
9781
38393
45711
39785
43660
5562
19551
27952
24093
16433
49966
22084
25280
49195
42986
29084
24495
47545
11312
49976
34016
18951
2686
22842
30080
47528
37097
37287
37565
2153
41106
15652
46860
26271
10284
39178
47559
25905
31180
20621
15649
10924
12556
7053
9057
12868
44935
28567
2311
15450
44865
2905
7429
30441
1693
7749
10137
45607
39868
36915
33427
43215
24385
40592
39299
17441
42911
26901
35485
23085
7043
15697
5426
16614
46750
8914
10308
21407
45249
42861
7395
6685
32371
27248
36304
45912
3258
27114
1758
35948
17273
39873
46961
44168
13256
32584
12888
21378
9292
35448
15717
31678
40962
44482
11108
45847
13608
15665
37051
29024
14184
6919
4092
1908
19936
42914
16173
44371
3190
34146
2747
11354
4509
21369
23817
49216
40271
15392
18626
32923
17553
12687
7083
34748
37230
669
2551
6535
16653
42848
32230
43395
28619
39306
33011
14890
8666
13806
1543
5695
40550
45015
36613
2867
11864
47774
27296
1625
4464
31540
10044
17855
36912
23207
37886
15886
4968
18731
4842
5177
30072
24054
23511
3351
32564
42409
45374
5547
10410
18714
37623
13844
17926
31634
28379
29995
41994
5770
47409
44959
48262
30697
46043
26059
18308
14140
42820
35519
19880
7681
17436
39213
1217
25914
28554
23691
32276
11865
14740
41047
6921
22022
41374
44929
17763
1428
2990
34593
27963
9489
44601
34607
31510
42177
43632
23553
30264
15222
6990
40256
28350
25122
34147
28167
48676
34877
15389
33725
23465
18569
24057
12799
27330
45297
15802
16273
31827
2428
13665
10394
15440
1813
42354
47260
39143
25934
24083
4742
20264
27400
38880
9997
10111
36888
9707
12299
32030
8941
8281
37854
44801
15544
42755
30233
26282
7670
9721
0
3086
12990
39369
39670
41827
10784
42329
15686
2460
5671
8704
524
1979
37268
31992
16272
31364
38953
38777
49211
44354
36006
29719
8829
22879
26192
41928
7120
40066
15382
45720
44734
47232
10607
20186
7345
48820
46133
37106
7171
37487
31305
24727
40679
9924
9919
26770
42784
17242
23107
47623
19898
27139
5528
14545
29831
19216
32287
31380
21450
10267
49957
46216
12351
12690
48204
7448
19788
13194
15763
40599
3283
1434
15609
5070
34989
14950
9172
5127
24676
36089
49584
9225
16885
8047
45526
33421
32598
45209
2544
17195
39110
29315
14156
19274
35010
32655
15442
27064
45360
22959
29105
3557
17422
21125
42377
7690
39753
14488
31790
47324
38925
37982
14429
19279
8847
32092
32448
40145
9783
49654
29232
30145
12777
18803
37390
9884
33818
16837
43085
20441
19206
22108
34235
30869
47438
38572
1510
23316
18431
18367
13529
21904
23289
17342
43349
42750
43803
12392
35903
41572
13710
47798
15038
35958
7141
3141
40949
971
16991
35204
41435
21015
3479
44588
43999
33256
9620
5957
27532
24053
13468
25713
20147
37031
29982
29733
4184
388
3539
42039
39743
33780
34239
4861
30835
35300
45752
29545
39932
45678
11504
15437
36600
22958
39227
36301
28004
26731
7712
28942
31859
2925
23233
48500
29579
41636
48054
25489
31530
37254
49019
12702
4072
21167
18880
35947
22441
16782
23549
26963
22393
35545
7332
13205
33254
43027
46645
38746
30288
39592
6269
1754
22607
7256
16121
15874
31782
39959
8056
26792
25329
30942
13979
14027
471
33173
10186
43335
9500
33939
2362
23402
26759
6632
35920
14606
5443
11505
14847
36065
13890
11469
45505
7436
23998
30204
30725
49496
26425
40368
32259
9948
48825
656
4198
7397
22195
768
11822
23703
24562
20643
47746
8062
30771
6335
47894
18503
33593
31966
3963
9526
38429
45851
24007
4255
34508
21558
34950
5550
7781
38793
46228
18155
12625
44856
21732
19446
8964
24695
23394
34179
6816
33871
17549
23642
6501
27895
47290
389
12370
17479
35736
16242
19967
17248
11623
17052
27767
31266
39984
25592
40500
26070
8097
25932
45218
10373
29786
27978
25864
12652
13780
17211
485
36723
30299
34523
15833
40545
5973
47973
32594
17570
23201
1597
37183
16526
22827
28750
32
32881
17173
10645
29254
22557
15607
38045
5522
27748
44850
28396
38849
42757
49802
33044
19522
324
5002
26710
25530
28499
20455
33718
33993
41962
697
13019
31007
47475
42562
6805
23088
47309
48712
24108
41160
9642
28027
23867
23119
14900
42360
29446
5536
13519
4817
27212
32339
34866
21142
1228
13984
49731
17916
24056
14747
30189
17285
42685
16978
20795
2941
6367
27338
19834
22880
42203
49057
27179
23818
8202
35742
12283
38059
34944
7325
24145
33026
38775
7915
7536
28494
22860
37794
30520
24320
46635
11511
43087
42623
47358
42619
35101
20927
9338
14944
33940
17990
19148
27026
4440
21087
730
42992
1852
31324
27329
1922
37335
47834
25896
3654
35482
6527
15243
42284
8421
26404
30916
6768
32049
3775
27298
16974
25642
39469
14494
9116
39673
10372
27578
34130
29735
24842
48357
18494
23527
43056
3630
11028
1822
45583
38592
26457
3459
48196
8100
36729
29397
11867
35015
21986
19571
37022
12297
10551
11318
44315
9908
41503
45712
42356
19143
6008
10520
1197
30614
1246
35892
24840
17886
9318
22572
22653
37034
18472
39464
17949
15448
32943
12465
493
34735
25638
28432
29156
5809
45247
5279
32316
27071
8472
32809
2976
27760
16750
6910
25982
3644
34451
21342
315
30053
35342
46050
17414
29500
44684
8337
39896
47105
2375
22982
32416
6827
31661
30770
42841
37727
32210
3702
1719
19970
19776
49993
35145
289
11243
28030
6362
21819
18390
47373
13197
2782
4269
936
23235
13391
46269
41511
48004
10967
4391
19268
2964
9521
3672
11916
43139
18261
4714
19456
28546
43866
30573
12747
23526
15715
7689
11431
15365
30402
22292
48053
20981
95
10306
44398
13521
37712
14916
41386
37704
14445
25453
25695
48780
3147
48692
2684
21696
36836
25068
21862
9760
11607
17727
23671
3888
7421
31972
718
18471
1565
16664
44265
16283
47402
18720
28061
33072
6127
24834
6263
550
28048
35851
27684
33821
20531
31601
25042
44004
12190
4060
7788
4698
16892
39259
43017
4551
8672
41467
3249
25414
18352
15114
36478
11182
28277
13009
28243
8760
34962
30475
48207
17759
31908
3527
29039
21655
49821
33025
1119
41283
2474
24383
43597
22600
31852
30147
7479
4336
40359
44025
19957
36143
47877
27937
9209
15494
8938
28098
44056
25529
2162
43851
48007
43695
14474
18653
16150
23860
20641
32806
48273
41982
32522
14522
15595
44213
7784
13860
14884
32360
33209
47931
18320
29976
35228
36966
41198
20076
