40368
28235
25920
28862
334
29810
17447
33439
18015
32620
36929
39972
43182
48161
10386
43388
41345
8503
9136
48019
10997
2898
35651
24827
27334
27770
7809
47541
8741
3256
12182
26916
22221
42699
31086
19639
18242
28088
21181
31483
48333
48723
43283
39108
11433
47240
11232
11858
44268
4732
45095
47287
13059
10664
30177
8286
23135
4160
29141
40063
880
46355
15322
20006
28469
34238
15996
35012
45596
8167
15388
34038
35231
11721
38446
22352
28622
14842
31922
43157
32049
24641
30581
40656
11673
10028
46777
651
24440
22864
47723
2143
32266
41935
24121
38882
15402
33586
83
38068
41303
33468
22990
16741
31598
22317
1959
31133
45478
47760
4145
27816
1779
11181
911
18246
4232
3545
26868
27676
34119
31576
10575
11452
22022
7543
22925
26638
39636
39186
1301
16067
37597
7822
26383
28367
7007
47345
25714
44390
27420
37722
39929
36153
42585
13860
28595
35103
12428
31867
41040
31324
18705
30641
27100
18822
24717
5180
16976
9702
26070
24243
10293
26379
15451
31298
14337
2718
47773
36551
13917
47809
20478
4606
47826
23079
39440
32398
4982
28398
11601
43875
15820
37610
22929
19322
31271
27464
20162
32997
46362
45993
16024
23885
28489
12551
1351
10269
84
46923
27950
18341
30318
18237
44037
48123
26556
31006
496
45497
1510
22452
43522
17187
38915
13426
44172
11396
48610
37117
35461
35497
24116
46884
423
45123
25902
8166
16770
6219
37584
17628
40440
28567
14061
31718
8556
20029
2758
39475
3656
3799
35236
49862
3144
43497
42850
12567
11984
4202
6264
47327
35815
17517
13061
47433
1067
47743
34698
2847
23174
39746
10882
42521
10012
44173
19592
29914
48527
42356
14186
6426
45148
5165
12897
42227
8814
19447
29532
19130
41547
36504
49919
12547
14319
28439
33496
31109
1292
33407
22271
37242
7623
1678
15442
35736
32047
23450
42478
23435
42867
40974
27045
48549
9134
43376
21916
39631
38192
5272
8752
4191
31485
6688
39675
24676
39318
18868
7646
1287
6273
23428
9521
15828
10380
41549
42957
48182
36083
33401
20115
38466
32262
47005
23767
6776
45168
44483
48581
2470
32881
49855
42459
18846
33929
41497
7107
13865
33964
10062
44690
13139
18108
19871
24363
10480
1864
17244
35995
8330
23101
3068
43197
5887
20586
6265
25324
8272
31866
3620
39199
46157
40862
14621
34603
6046
38334
32456
10547
49238
11178
28811
27112
37204
21693
22020
32097
37829
39276
37037
6657
40635
46730
35903
30277
30862
44254
27369
23562
7799
14980
13353
14308
37210
10955
14154
45822
18312
7562
22493
41448
15542
1744
39876
12521
10941
6430
34981
5567
18738
24446
1856
18061
41443
45694
32391
49677
25550
46619
35273
14521
34352
42830
44475
47016
22825
44235
32927
10754
47664
45680
48619
5202
6884
18835
25449
20800
37446
29184
35984
39768
32406
45529
32679
44477
14515
35161
6502
12573
5488
9885
1536
15574
22611
26780
33898
38111
23732
44480
19397
12935
32052
28481
2928
34568
42430
22006
14435
37890
26290
35278
10705
42189
37003
27390
17877
12465
24002
7524
24335
1277
37531
48943
26158
25123
17141
42344
26244
11127
24954
43423
30474
19353
8902
31924
15635
34296
9052
1330
38214
2826
47168
16925
42129
5677
32228
16390
19867
36343
32319
36281
33170
241
13020
21493
2213
47669
11629
6568
5777
8419
5403
33938
10813
14219
41947
40322
5378
8060
28494
25280
17819
43452
675
1615
6460
10329
23011
10887
486
19558
3621
44665
26249
26325
26122
38961
29626
21353
17697
24054
378
3748
33499
12794
41050
9806
34984
36619
4963
19448
45669
12875
27315
9411
953
47438
10270
13117
36721
23474
11499
33826
15379
13423
23542
25024
11697
47121
29729
29486
31874
23351
12497
41210
3510
31361
44442
18772
32965
18809
1240
10271
31634
21510
35392
16833
24078
49500
19091
14232
4047
30573
6353
24190
8864
35267
31552
44517
497
38340
29774
23379
49685
15050
7876
34407
41314
22187
21163
19262
9049
44339
12065
31966
37663
29183
16385
14592
45416
27155
6343
4760
22438
34073
29835
10597
35767
24143
37012
23532
29086
43469
46724
38463
46475
35353
16870
35363
4728
41337
12240
6766
25291
25692
24686
42967
40912
49783
46761
11809
20717
47088
34165
35372
14311
10750
34372
37126
16821
11240
9394
20723
41340
36843
11533
38733
33660
21302
34913
29963
37780
46345
12890
45885
6300
46348
8990
33296
10086
41733
14632
16517
47925
44463
7234
46752
35071
1139
1888
20902
40926
4789
4435
28542
5641
35362
1990
33932
29784
18454
42514
6228
43361
38538
46499
16854
39795
35662
37236
10047
146
38030
41135
12305
37960
35601
11388
18124
43768
1057
17593
2699
14278
5519
4792
511
1180
42776
14827
11197
11524
10098
32408
5697
45125
5823
49289
33398
38617
7400
30266
7830
22600
43738
5550
19102
13704
4775
29960
8988
34899
40389
15663
5769
19886
46217
46158
38344
36546
23727
5455
46
11824
48217
19405
31890
9778
28633
48966
17450
8510
48620
9347
45578
33664
19825
3044
41155
9868
48284
4112
5541
35674
30883
37518
45468
40773
13753
45652
39313
44004
46716
16167
40218
25444
39045
4454
7888
39552
45561
45435
22954
35996
16192
31320
20905
7041
10349
40950
11036
48810
28328
13181
23581
48015
21984
18068
23791
26853
30752
39306
39450
22713
23440
16468
13340
18534
32644
20980
49491
49384
2024
22319
6048
1609
45341
11933
46947
48262
8894
17067
24179
17046
37132
28048
16982
18155
3714
4826
10502
25122
32753
48427
26965
4961
7406
40101
29502
16612
37981
29609
18818
30829
11615
42880
48467
47970
17431
10970
21690
4590
46135
44654
42837
22018
39305
18148
36450
13157
14829
42085
31226
46671
21501
38721
10361
5902
2437
3958
10798
28746
27137
27510
23766
18213
35326
16522
870
5925
2704
28049
2564
1977
42363
8934
4733
2752
24050
33461
29683
19720
42580
14106
17833
8369
548
40417
22089
14591
373
26579
13719
2651
41660
48651
18962
9700
39040
10418
47167
31178
8452
49496
8136
40474
8542
13653
32122
11786
29847
15606
23764
27293
3142
9582
44057
49938
23340
10939
18414
2018
6113
18142
175
178
38693
22577
47418
19403
17704
12100
38570
49304
22704
38871
34719
30073
15537
48068
47679
11080
33352
32056
38669
6555
22688
31934
39639
22665
