3.088000000000000000e+03
2.497900000000000000e+04
3.967600000000000000e+04
7.707800000000000000e+04
6.221300000000000000e+04
1.534500000000000000e+04
6.953900000000000000e+04
4.782500000000000000e+04
2.269800000000000000e+04
3.589500000000000000e+04
1.949200000000000000e+04
2.831500000000000000e+04
4.639000000000000000e+04
5.391000000000000000e+04
2.416700000000000000e+04
8.727000000000000000e+03
7.000200000000000000e+04
8.874500000000000000e+04
3.087000000000000000e+04
6.894500000000000000e+04
3.210400000000000000e+04
8.302700000000000000e+04
4.228200000000000000e+04
9.808800000000000000e+04
8.846400000000000000e+04
1.940400000000000000e+04
3.189100000000000000e+04
8.883200000000000000e+04
7.062500000000000000e+04
1.626100000000000000e+04
1.531700000000000000e+04
5.060800000000000000e+04
8.090000000000000000e+02
1.159400000000000000e+04
4.316300000000000000e+04
9.490000000000000000e+04
6.058000000000000000e+03
1.555400000000000000e+04
8.545800000000000000e+04
3.282200000000000000e+04
6.034000000000000000e+04
5.931900000000000000e+04
7.482500000000000000e+04
3.751600000000000000e+04
1.343600000000000000e+04
5.696400000000000000e+04
1.074800000000000000e+04
3.937000000000000000e+04
6.883000000000000000e+04
4.967600000000000000e+04
5.705000000000000000e+04
3.851800000000000000e+04
6.787500000000000000e+04
7.658500000000000000e+04
1.407400000000000000e+04
5.024400000000000000e+04
1.621000000000000000e+03
9.927900000000000000e+04
1.156200000000000000e+04
2.853600000000000000e+04
1.398000000000000000e+03
1.560800000000000000e+04
2.244100000000000000e+04
9.118900000000000000e+04
2.459500000000000000e+04
9.656200000000000000e+04
9.252000000000000000e+04
7.381900000000000000e+04
2.153600000000000000e+04
1.661000000000000000e+04
1.866400000000000000e+04
2.979900000000000000e+04
2.922200000000000000e+04
1.853000000000000000e+03
6.288800000000000000e+04
6.889100000000000000e+04
6.059800000000000000e+04
6.987100000000000000e+04
2.961400000000000000e+04
4.319100000000000000e+04
9.855200000000000000e+04
8.556000000000000000e+04
9.240900000000000000e+04
4.424000000000000000e+03
7.893900000000000000e+04
4.528800000000000000e+04
6.542000000000000000e+03
2.538300000000000000e+04
3.235000000000000000e+03
9.103200000000000000e+04
8.430000000000000000e+03
1.641900000000000000e+04
1.294000000000000000e+04
1.301300000000000000e+04
9.419000000000000000e+04
2.423400000000000000e+04
9.102700000000000000e+04
3.019700000000000000e+04
7.536000000000000000e+03
7.858800000000000000e+04
2.293500000000000000e+04
4.332600000000000000e+04
2.887600000000000000e+04
4.181500000000000000e+04
8.499500000000000000e+04
4.374000000000000000e+04
1.878500000000000000e+04
9.202200000000000000e+04
1.480000000000000000e+02
6.149000000000000000e+03
9.698300000000000000e+04
6.067900000000000000e+04
6.730100000000000000e+04
1.571800000000000000e+04
2.774800000000000000e+04
4.227200000000000000e+04
9.431600000000000000e+04
2.701800000000000000e+04
7.402100000000000000e+04
9.810000000000000000e+04
7.938600000000000000e+04
1.793100000000000000e+04
5.148600000000000000e+04
8.183900000000000000e+04
9.498900000000000000e+04
6.972000000000000000e+04
9.250500000000000000e+04
8.163500000000000000e+04
6.490700000000000000e+04
2.754200000000000000e+04
7.967800000000000000e+04
9.575700000000000000e+04
3.335500000000000000e+04
6.975100000000000000e+04
9.806000000000000000e+03
4.189000000000000000e+03
6.880000000000000000e+03
9.680800000000000000e+04
5.612000000000000000e+04
5.848400000000000000e+04
2.154600000000000000e+04
2.364700000000000000e+04
6.591100000000000000e+04
7.989500000000000000e+04
4.075300000000000000e+04
5.991000000000000000e+03
4.069000000000000000e+04
8.942800000000000000e+04
9.087700000000000000e+04
9.785900000000000000e+04
4.781000000000000000e+04
5.025200000000000000e+04
6.240500000000000000e+04
5.566000000000000000e+04
3.117400000000000000e+04
4.242200000000000000e+04
2.486600000000000000e+04
6.890900000000000000e+04
5.873000000000000000e+03
3.149000000000000000e+04
8.825400000000000000e+04
5.514700000000000000e+04
3.356800000000000000e+04
8.677900000000000000e+04
2.935000000000000000e+03
1.164800000000000000e+04
5.947500000000000000e+04
2.523700000000000000e+04
8.486300000000000000e+04
4.229900000000000000e+04
6.659500000000000000e+04
4.405300000000000000e+04
5.005200000000000000e+04
6.918700000000000000e+04
8.182700000000000000e+04
3.227000000000000000e+03
8.161200000000000000e+04
6.976100000000000000e+04
7.142900000000000000e+04
2.002100000000000000e+04
9.405000000000000000e+03
8.792800000000000000e+04
4.412800000000000000e+04
6.194400000000000000e+04
1.670000000000000000e+04
9.558900000000000000e+04
4.533100000000000000e+04
3.143600000000000000e+04
2.128600000000000000e+04
8.822900000000000000e+04
4.453700000000000000e+04
2.454900000000000000e+04
9.684600000000000000e+04
5.836500000000000000e+04
8.702600000000000000e+04
1.147100000000000000e+04
8.870600000000000000e+04
6.640300000000000000e+04
3.453500000000000000e+04
7.422200000000000000e+04
4.395700000000000000e+04
2.179700000000000000e+04
1.431600000000000000e+04
8.455800000000000000e+04
3.565800000000000000e+04
6.746200000000000000e+04
4.817400000000000000e+04
4.604000000000000000e+03
2.387000000000000000e+03
4.319400000000000000e+04
3.024900000000000000e+04
9.086500000000000000e+04
9.530000000000000000e+03
2.872000000000000000e+04
1.888300000000000000e+04
7.769800000000000000e+04
7.928100000000000000e+04
1.646300000000000000e+04
3.475400000000000000e+04
9.889900000000000000e+04
6.888000000000000000e+04
3.229800000000000000e+04
2.370000000000000000e+03
9.311300000000000000e+04
5.931300000000000000e+04
3.700000000000000000e+02
7.597500000000000000e+04
2.764900000000000000e+04
7.912400000000000000e+04
5.430900000000000000e+04
7.642900000000000000e+04
7.798600000000000000e+04
3.348500000000000000e+04
8.425700000000000000e+04
3.553900000000000000e+04
7.950100000000000000e+04
1.958300000000000000e+04
8.541300000000000000e+04
3.242000000000000000e+03
7.971300000000000000e+04
5.929700000000000000e+04
3.930000000000000000e+04
8.456800000000000000e+04
4.840600000000000000e+04
8.093700000000000000e+04
7.547200000000000000e+04
7.086600000000000000e+04
1.071700000000000000e+04
5.704800000000000000e+04
3.012000000000000000e+04
2.650400000000000000e+04
6.540000000000000000e+03
4.461200000000000000e+04
6.113700000000000000e+04
1.217800000000000000e+04
8.272200000000000000e+04
1.205500000000000000e+04
8.208000000000000000e+03
7.772900000000000000e+04
7.045300000000000000e+04
5.364400000000000000e+04
5.516300000000000000e+04
2.365200000000000000e+04
3.934500000000000000e+04
5.539400000000000000e+04
8.996700000000000000e+04
1.062400000000000000e+04
2.920300000000000000e+04
8.373500000000000000e+04
7.381800000000000000e+04
6.123900000000000000e+04
6.470000000000000000e+03
5.575200000000000000e+04
5.567100000000000000e+04
4.598800000000000000e+04
2.701300000000000000e+04
4.002900000000000000e+04
4.042500000000000000e+04
3.630300000000000000e+04
3.887000000000000000e+03
7.433400000000000000e+04
5.289300000000000000e+04
8.589100000000000000e+04
8.704600000000000000e+04
4.861000000000000000e+04
4.319500000000000000e+04
1.136200000000000000e+04
8.670900000000000000e+04
1.852500000000000000e+04
1.803000000000000000e+03
9.411600000000000000e+04
9.760000000000000000e+03
5.868900000000000000e+04
9.575000000000000000e+04
9.571100000000000000e+04
4.222500000000000000e+04
1.746200000000000000e+04
8.430000000000000000e+04
4.824900000000000000e+04
9.718100000000000000e+04
7.631700000000000000e+04
5.944100000000000000e+04
7.356900000000000000e+04
3.266900000000000000e+04
2.150000000000000000e+02
6.966100000000000000e+04
4.698700000000000000e+04
9.220200000000000000e+04
7.930600000000000000e+04
4.235100000000000000e+04
8.108300000000000000e+04
6.960400000000000000e+04
4.294100000000000000e+04
1.661200000000000000e+04
7.362600000000000000e+04
2.834600000000000000e+04
8.841800000000000000e+04
1.391200000000000000e+04
9.244000000000000000e+04
2.373000000000000000e+04
6.070200000000000000e+04
1.214100000000000000e+04
1.355100000000000000e+04
5.091600000000000000e+04
8.029700000000000000e+04
4.232000000000000000e+03
9.543900000000000000e+04
7.137100000000000000e+04
4.210600000000000000e+04
9.444300000000000000e+04
9.967300000000000000e+04
9.785400000000000000e+04
8.975800000000000000e+04
6.661600000000000000e+04
9.432000000000000000e+04
3.772600000000000000e+04
2.044100000000000000e+04
6.806200000000000000e+04
9.631600000000000000e+04
3.212400000000000000e+04
4.645900000000000000e+04
9.734300000000000000e+04
9.015800000000000000e+04
7.511900000000000000e+04
5.135300000000000000e+04
8.710500000000000000e+04
6.528000000000000000e+04
4.303000000000000000e+04
5.124500000000000000e+04
9.816500000000000000e+04
2.948500000000000000e+04
7.674600000000000000e+04
1.221700000000000000e+04
7.201200000000000000e+04
9.708000000000000000e+04
6.779300000000000000e+04
8.630000000000000000e+04
3.463100000000000000e+04
1.643500000000000000e+04
1.802600000000000000e+04
2.639100000000000000e+04
7.504000000000000000e+03
4.531500000000000000e+04
6.647800000000000000e+04
7.012200000000000000e+04
6.280500000000000000e+04
3.873700000000000000e+04
5.250500000000000000e+04
7.770200000000000000e+04
3.889000000000000000e+04
8.931000000000000000e+03
8.357500000000000000e+04
8.158100000000000000e+04
1.129400000000000000e+04
3.098600000000000000e+04
3.093800000000000000e+04
4.609700000000000000e+04
5.061700000000000000e+04
2.884400000000000000e+04
9.014900000000000000e+04
3.532500000000000000e+04
1.847900000000000000e+04
1.286200000000000000e+04
5.892700000000000000e+04
4.048100000000000000e+04
3.819800000000000000e+04
7.077500000000000000e+04
7.806100000000000000e+04
6.525300000000000000e+04
2.379000000000000000e+03
9.502800000000000000e+04
5.427800000000000000e+04
9.605900000000000000e+04
6.803300000000000000e+04
2.380000000000000000e+02
3.614300000000000000e+04
4.162200000000000000e+04
8.870900000000000000e+04
3.530200000000000000e+04
4.884500000000000000e+04
6.360500000000000000e+04
9.144600000000000000e+04
5.769000000000000000e+04
2.590900000000000000e+04
7.810000000000000000e+02
2.738100000000000000e+04
8.481800000000000000e+04
6.985200000000000000e+04
8.033600000000000000e+04
2.084000000000000000e+03
9.172700000000000000e+04
1.976000000000000000e+03
1.568800000000000000e+04
1.003100000000000000e+04
9.499000000000000000e+04
2.124800000000000000e+04
3.384600000000000000e+04
1.690600000000000000e+04
6.144500000000000000e+04
6.120300000000000000e+04
6.849000000000000000e+03
8.715000000000000000e+04
3.096400000000000000e+04
5.712100000000000000e+04
5.910000000000000000e+03
5.276100000000000000e+04
4.497700000000000000e+04
2.149100000000000000e+04
3.841000000000000000e+04
2.846100000000000000e+04
6.996000000000000000e+03
8.057500000000000000e+04
5.846500000000000000e+04
2.229600000000000000e+04
8.047700000000000000e+04
5.820100000000000000e+04
2.868400000000000000e+04
5.788000000000000000e+04
1.282000000000000000e+03
3.782400000000000000e+04
3.887300000000000000e+04
4.028700000000000000e+04
2.233700000000000000e+04
2.536700000000000000e+04
4.013400000000000000e+04
7.605000000000000000e+03
9.197100000000000000e+04
9.109600000000000000e+04
8.625400000000000000e+04
2.230300000000000000e+04
6.062200000000000000e+04
3.278100000000000000e+04
6.771900000000000000e+04
6.507900000000000000e+04
1.883100000000000000e+04
1.386300000000000000e+04
8.708400000000000000e+04
6.534400000000000000e+04
8.149600000000000000e+04
2.495700000000000000e+04
6.859900000000000000e+04
3.548000000000000000e+04
6.797300000000000000e+04
7.780400000000000000e+04
7.802800000000000000e+04
7.084700000000000000e+04
6.406000000000000000e+04
7.320200000000000000e+04
2.971500000000000000e+04
3.147100000000000000e+04
5.448900000000000000e+04
3.425400000000000000e+04
9.218500000000000000e+04
2.773200000000000000e+04
9.973800000000000000e+04
8.484900000000000000e+04
1.447900000000000000e+04
3.873400000000000000e+04
9.180000000000000000e+04
5.779300000000000000e+04
8.666600000000000000e+04
6.580800000000000000e+04
3.670800000000000000e+04
3.811400000000000000e+04
2.940200000000000000e+04
9.942700000000000000e+04
4.857900000000000000e+04
2.318800000000000000e+04
7.990600000000000000e+04
3.161000000000000000e+03
7.491000000000000000e+04
6.954900000000000000e+04
1.497300000000000000e+04
8.947400000000000000e+04
7.147100000000000000e+04
9.556400000000000000e+04
3.174900000000000000e+04
1.845100000000000000e+04
5.095600000000000000e+04
2.726700000000000000e+04
6.140200000000000000e+04
5.474100000000000000e+04
6.239900000000000000e+04
4.756000000000000000e+04
8.123300000000000000e+04
6.532700000000000000e+04
6.778900000000000000e+04
5.211200000000000000e+04
8.949600000000000000e+04
3.760300000000000000e+04
5.938200000000000000e+04
6.717600000000000000e+04
1.584500000000000000e+04
2.598200000000000000e+04
5.508700000000000000e+04
2.745200000000000000e+04
2.276600000000000000e+04
2.810300000000000000e+04
2.703800000000000000e+04
4.077600000000000000e+04
9.643000000000000000e+03
2.491900000000000000e+04
9.810900000000000000e+04
2.331700000000000000e+04
4.244600000000000000e+04
5.422700000000000000e+04
4.474300000000000000e+04
4.403000000000000000e+03
2.594300000000000000e+04
2.724000000000000000e+03
6.779600000000000000e+04
5.446300000000000000e+04
6.419100000000000000e+04
1.402700000000000000e+04
4.694200000000000000e+04
6.518300000000000000e+04
8.740200000000000000e+04
5.390800000000000000e+04
3.370000000000000000e+02
4.917100000000000000e+04
6.313500000000000000e+04
8.857700000000000000e+04
1.842800000000000000e+04
4.354800000000000000e+04
3.646100000000000000e+04
1.891800000000000000e+04
1.350800000000000000e+04
1.041400000000000000e+04
5.330200000000000000e+04
1.929700000000000000e+04
3.797400000000000000e+04
3.460500000000000000e+04
6.090000000000000000e+03
8.693500000000000000e+04
1.057100000000000000e+04
1.595400000000000000e+04
5.386000000000000000e+04
9.201100000000000000e+04
2.585000000000000000e+03
8.221000000000000000e+03
2.130400000000000000e+04
2.952300000000000000e+04
7.364300000000000000e+04
4.270000000000000000e+03
7.435000000000000000e+03
3.238300000000000000e+04
4.754000000000000000e+03
4.113600000000000000e+04
1.817500000000000000e+04
4.388200000000000000e+04
5.864700000000000000e+04
7.118500000000000000e+04
7.579500000000000000e+04
5.017600000000000000e+04
6.327400000000000000e+04
3.007400000000000000e+04
3.907600000000000000e+04
7.156500000000000000e+04
5.308800000000000000e+04
2.668900000000000000e+04
4.218200000000000000e+04
4.083800000000000000e+04
7.212300000000000000e+04
9.423300000000000000e+04
7.971400000000000000e+04
2.105400000000000000e+04
6.790700000000000000e+04
7.236800000000000000e+04
1.652900000000000000e+04
4.924000000000000000e+04
2.475000000000000000e+04
4.379200000000000000e+04
2.430900000000000000e+04
5.003900000000000000e+04
2.372300000000000000e+04
9.515300000000000000e+04
7.603500000000000000e+04
6.579700000000000000e+04
2.197600000000000000e+04
5.510200000000000000e+04
4.928900000000000000e+04
1.143400000000000000e+04
1.995000000000000000e+04
5.717200000000000000e+04
7.423800000000000000e+04
9.389100000000000000e+04
2.138500000000000000e+04
8.484800000000000000e+04
2.956600000000000000e+04
8.347400000000000000e+04
3.715100000000000000e+04
8.723600000000000000e+04
7.282400000000000000e+04
4.192600000000000000e+04
5.504200000000000000e+04
5.724800000000000000e+04
8.716400000000000000e+04
7.232700000000000000e+04
8.709100000000000000e+04
7.407400000000000000e+04
5.709500000000000000e+04
5.749200000000000000e+04
1.324600000000000000e+04
8.566000000000000000e+04
3.535900000000000000e+04
6.588100000000000000e+04
5.394100000000000000e+04
3.257700000000000000e+04
5.185200000000000000e+04
6.361900000000000000e+04
3.693000000000000000e+03
2.945300000000000000e+04
3.641000000000000000e+04
1.601500000000000000e+04
6.051900000000000000e+04
1.313000000000000000e+04
9.003000000000000000e+04
6.987600000000000000e+04
2.622700000000000000e+04
5.889000000000000000e+03
7.871000000000000000e+04
3.845900000000000000e+04
3.924100000000000000e+04
7.139800000000000000e+04
8.809500000000000000e+04
6.282400000000000000e+04
7.143000000000000000e+03
9.746700000000000000e+04
4.358400000000000000e+04
3.454800000000000000e+04
7.844500000000000000e+04
3.747600000000000000e+04
5.443200000000000000e+04
1.524000000000000000e+04
5.049500000000000000e+04
8.354600000000000000e+04
2.847100000000000000e+04
1.157200000000000000e+04
5.843500000000000000e+04
1.324000000000000000e+04
8.947900000000000000e+04
9.323000000000000000e+04
6.049700000000000000e+04
6.166800000000000000e+04
4.721700000000000000e+04
1.125000000000000000e+04
8.779000000000000000e+03
1.273400000000000000e+04
8.848800000000000000e+04
8.915700000000000000e+04
8.187800000000000000e+04
4.720900000000000000e+04
6.567700000000000000e+04
5.565500000000000000e+04
4.972600000000000000e+04
4.865500000000000000e+04
6.624200000000000000e+04
5.279700000000000000e+04
4.579000000000000000e+04
9.158300000000000000e+04
5.040500000000000000e+04
3.880900000000000000e+04
7.405200000000000000e+04
4.133900000000000000e+04
2.024700000000000000e+04
3.451400000000000000e+04
3.010000000000000000e+04
8.072300000000000000e+04
9.865200000000000000e+04
3.564600000000000000e+04
9.484800000000000000e+04
1.383000000000000000e+03
9.324600000000000000e+04
2.785700000000000000e+04
3.107400000000000000e+04
8.007000000000000000e+03
5.260000000000000000e+02
8.254400000000000000e+04
5.326300000000000000e+04
6.207900000000000000e+04
8.451600000000000000e+04
3.256800000000000000e+04
3.299000000000000000e+03
3.163500000000000000e+04
5.823700000000000000e+04
7.471000000000000000e+03
2.069300000000000000e+04
6.860900000000000000e+04
1.029000000000000000e+03
9.690000000000000000e+03
9.057300000000000000e+04
6.167300000000000000e+04
6.109400000000000000e+04
9.127300000000000000e+04
7.839300000000000000e+04
2.548100000000000000e+04
3.988100000000000000e+04
3.556700000000000000e+04
1.020000000000000000e+04
4.950600000000000000e+04
6.469000000000000000e+03
3.949600000000000000e+04
6.684500000000000000e+04
1.298000000000000000e+04
5.076900000000000000e+04
7.807900000000000000e+04
3.099700000000000000e+04
2.574700000000000000e+04
4.568000000000000000e+03
7.454200000000000000e+04
1.533100000000000000e+04
2.743000000000000000e+03
3.058800000000000000e+04
4.021800000000000000e+04
6.809200000000000000e+04
4.190000000000000000e+03
7.873700000000000000e+04
5.881800000000000000e+04
2.359200000000000000e+04
4.541300000000000000e+04
5.322200000000000000e+04
8.887200000000000000e+04
7.270700000000000000e+04
8.235900000000000000e+04
5.678300000000000000e+04
7.158000000000000000e+03
7.147600000000000000e+04
8.765200000000000000e+04
1.477700000000000000e+04
8.863300000000000000e+04
8.067000000000000000e+03
2.289900000000000000e+04
4.460000000000000000e+03
7.565600000000000000e+04
3.770100000000000000e+04
5.594200000000000000e+04
4.776000000000000000e+03
8.446300000000000000e+04
8.218000000000000000e+04
9.530000000000000000e+02
3.835800000000000000e+04
7.070200000000000000e+04
8.361500000000000000e+04
4.299100000000000000e+04
7.772600000000000000e+04
8.090600000000000000e+04
9.916600000000000000e+04
4.646000000000000000e+04
6.118700000000000000e+04
5.243400000000000000e+04
5.032700000000000000e+04
6.316300000000000000e+04
8.306300000000000000e+04
4.853500000000000000e+04
4.058800000000000000e+04
1.773000000000000000e+04
9.330000000000000000e+03
1.355700000000000000e+04
1.798600000000000000e+04
9.265700000000000000e+04
5.730000000000000000e+02
1.188500000000000000e+04
9.699400000000000000e+04
8.897100000000000000e+04
5.271500000000000000e+04
6.338000000000000000e+03
4.534600000000000000e+04
9.488500000000000000e+04
9.909000000000000000e+04
5.613000000000000000e+04
3.382700000000000000e+04
2.034000000000000000e+04
8.411300000000000000e+04
5.982600000000000000e+04
1.261700000000000000e+04
3.586700000000000000e+04
5.626100000000000000e+04
5.849400000000000000e+04
9.004400000000000000e+04
8.252600000000000000e+04
4.784400000000000000e+04
4.827400000000000000e+04
4.758000000000000000e+03
5.353200000000000000e+04
6.180800000000000000e+04
7.430000000000000000e+02
8.009700000000000000e+04
3.233700000000000000e+04
3.469000000000000000e+04
3.995100000000000000e+04
2.734000000000000000e+04
8.892700000000000000e+04
7.598600000000000000e+04
3.945900000000000000e+04
8.559700000000000000e+04
5.990400000000000000e+04
6.113200000000000000e+04
5.002400000000000000e+04
4.690800000000000000e+04
1.766000000000000000e+04
4.007200000000000000e+04
3.276600000000000000e+04
9.938000000000000000e+03
3.688600000000000000e+04
2.858200000000000000e+04
9.885000000000000000e+03
4.033600000000000000e+04
8.768100000000000000e+04
6.555400000000000000e+04
6.524400000000000000e+04
9.970000000000000000e+04
1.236100000000000000e+04
8.105000000000000000e+03
5.270500000000000000e+04
9.431300000000000000e+04
9.981400000000000000e+04
7.294000000000000000e+03
9.868500000000000000e+04
1.845500000000000000e+04
1.677700000000000000e+04
1.968600000000000000e+04
6.958500000000000000e+04
4.415900000000000000e+04
6.923500000000000000e+04
6.505800000000000000e+04
8.771700000000000000e+04
3.676000000000000000e+03
6.995300000000000000e+04
8.197000000000000000e+03
3.228200000000000000e+04
6.021200000000000000e+04
1.817800000000000000e+04
3.803000000000000000e+04
8.611300000000000000e+04
5.033000000000000000e+04
7.195300000000000000e+04
2.380400000000000000e+04
6.773900000000000000e+04
8.113000000000000000e+03
5.898600000000000000e+04
7.964500000000000000e+04
5.490400000000000000e+04
5.572300000000000000e+04
6.987500000000000000e+04
1.790000000000000000e+03
5.126200000000000000e+04
9.490500000000000000e+04
9.766000000000000000e+04
8.418000000000000000e+03
8.424800000000000000e+04
1.428500000000000000e+04
4.743200000000000000e+04
7.655200000000000000e+04
9.584200000000000000e+04
8.224000000000000000e+04
8.414100000000000000e+04
9.603300000000000000e+04
5.577800000000000000e+04
9.139800000000000000e+04
6.590900000000000000e+04
5.070100000000000000e+04
5.928600000000000000e+04
8.841600000000000000e+04
5.057000000000000000e+03
7.564900000000000000e+04
7.446400000000000000e+04
5.762900000000000000e+04
7.652000000000000000e+03
1.752300000000000000e+04
8.673000000000000000e+04
1.775200000000000000e+04
9.650900000000000000e+04
2.996900000000000000e+04
9.190500000000000000e+04
9.030500000000000000e+04
4.828200000000000000e+04
3.236600000000000000e+04
1.734100000000000000e+04
2.707500000000000000e+04
8.111000000000000000e+03
7.611600000000000000e+04
6.655900000000000000e+04
8.090400000000000000e+04
5.812100000000000000e+04
8.922200000000000000e+04
1.309500000000000000e+04
3.246000000000000000e+03
3.651100000000000000e+04
4.086500000000000000e+04
5.292000000000000000e+04
9.945200000000000000e+04
5.043400000000000000e+04
6.931200000000000000e+04
5.533500000000000000e+04
5.989000000000000000e+03
5.092500000000000000e+04
1.173800000000000000e+04
7.716500000000000000e+04
6.222600000000000000e+04
7.179800000000000000e+04
1.271300000000000000e+04
4.239700000000000000e+04
8.994100000000000000e+04
4.979000000000000000e+03
3.211000000000000000e+03
5.591300000000000000e+04
5.282100000000000000e+04
7.677100000000000000e+04
2.292900000000000000e+04
7.524000000000000000e+03
1.708000000000000000e+03
3.982000000000000000e+03
2.289800000000000000e+04
5.881700000000000000e+04
1.421000000000000000e+04
1.576000000000000000e+03
9.193700000000000000e+04
2.439800000000000000e+04
1.731400000000000000e+04
4.677000000000000000e+04
4.040000000000000000e+02
9.164100000000000000e+04
8.819000000000000000e+03
3.803100000000000000e+04
4.317200000000000000e+04
2.383300000000000000e+04
9.654600000000000000e+04
8.443000000000000000e+04
9.124500000000000000e+04
8.781400000000000000e+04
9.910600000000000000e+04
7.000100000000000000e+04
1.312700000000000000e+04
2.630000000000000000e+04
7.439100000000000000e+04
4.904000000000000000e+03
2.333900000000000000e+04
3.135100000000000000e+04
1.622500000000000000e+04
7.169600000000000000e+04
7.188300000000000000e+04
2.892200000000000000e+04
8.415800000000000000e+04
9.824000000000000000e+03
3.596500000000000000e+04
2.262600000000000000e+04
5.935000000000000000e+03
6.314200000000000000e+04
3.703900000000000000e+04
3.842600000000000000e+04
2.493900000000000000e+04
3.817600000000000000e+04
8.374300000000000000e+04
3.787500000000000000e+04
8.292100000000000000e+04
4.905500000000000000e+04
6.221200000000000000e+04
7.706900000000000000e+04
9.025000000000000000e+03
9.740300000000000000e+04
9.957700000000000000e+04
4.714500000000000000e+04
9.443600000000000000e+04
6.128300000000000000e+04
1.186700000000000000e+04
5.815300000000000000e+04
4.074900000000000000e+04
5.655800000000000000e+04
9.893200000000000000e+04
9.000700000000000000e+04
8.941500000000000000e+04
5.693300000000000000e+04
1.040100000000000000e+04
2.811900000000000000e+04
8.082600000000000000e+04
5.361200000000000000e+04
7.002000000000000000e+04
2.960300000000000000e+04
5.711100000000000000e+04
9.647700000000000000e+04
