3.355300000000000000e+04
9.427000000000000000e+03
1.990000000000000000e+02
1.244700000000000000e+04
3.948900000000000000e+04
4.272400000000000000e+04
1.082200000000000000e+04
4.949800000000000000e+04
4.144000000000000000e+03
3.695800000000000000e+04
4.310600000000000000e+04
3.869500000000000000e+04
6.188000000000000000e+03
1.414000000000000000e+03
1.847100000000000000e+04
2.928200000000000000e+04
1.517700000000000000e+04
3.430400000000000000e+04
1.260900000000000000e+04
1.214400000000000000e+04
6.113000000000000000e+03
1.590800000000000000e+04
8.210000000000000000e+02
1.511800000000000000e+04
1.346600000000000000e+04
2.649700000000000000e+04
4.211100000000000000e+04
3.018800000000000000e+04
3.723700000000000000e+04
3.310900000000000000e+04
3.648000000000000000e+04
2.414800000000000000e+04
5.503000000000000000e+03
3.918000000000000000e+03
3.847800000000000000e+04
2.112300000000000000e+04
4.971700000000000000e+04
4.229400000000000000e+04
4.760900000000000000e+04
1.107600000000000000e+04
4.151400000000000000e+04
2.206200000000000000e+04
9.413000000000000000e+03
3.834000000000000000e+04
3.026300000000000000e+04
4.125200000000000000e+04
1.464400000000000000e+04
2.633500000000000000e+04
2.810200000000000000e+04
1.752300000000000000e+04
2.471200000000000000e+04
4.048500000000000000e+04
3.850000000000000000e+03
4.004000000000000000e+04
1.526700000000000000e+04
4.914600000000000000e+04
3.000100000000000000e+04
4.592600000000000000e+04
4.382400000000000000e+04
1.724000000000000000e+04
4.892000000000000000e+03
7.250000000000000000e+02
2.294900000000000000e+04
3.465700000000000000e+04
3.721300000000000000e+04
2.030400000000000000e+04
1.526900000000000000e+04
2.236700000000000000e+04
4.268400000000000000e+04
4.673400000000000000e+04
1.173200000000000000e+04
1.861900000000000000e+04
4.849200000000000000e+04
2.680300000000000000e+04
4.430500000000000000e+04
4.752200000000000000e+04
3.220700000000000000e+04
2.530000000000000000e+03
1.774600000000000000e+04
8.270000000000000000e+03
1.507900000000000000e+04
1.362400000000000000e+04
3.063800000000000000e+04
3.044000000000000000e+04
3.605600000000000000e+04
4.265100000000000000e+04
3.680300000000000000e+04
4.822400000000000000e+04
2.922600000000000000e+04
5.633000000000000000e+03
5.987000000000000000e+03
4.806300000000000000e+04
1.812000000000000000e+03
2.757800000000000000e+04
1.682300000000000000e+04
3.928000000000000000e+03
3.728600000000000000e+04
2.504500000000000000e+04
1.572700000000000000e+04
2.960000000000000000e+04
1.043000000000000000e+04
2.576800000000000000e+04
2.910300000000000000e+04
3.653700000000000000e+04
3.932800000000000000e+04
3.553900000000000000e+04
2.807500000000000000e+04
1.784000000000000000e+04
2.780200000000000000e+04
7.682000000000000000e+03
2.427900000000000000e+04
3.307000000000000000e+04
3.555700000000000000e+04
3.718900000000000000e+04
4.714900000000000000e+04
4.691500000000000000e+04
9.801000000000000000e+03
3.880000000000000000e+04
2.466900000000000000e+04
4.423300000000000000e+04
3.191900000000000000e+04
7.134000000000000000e+03
3.370400000000000000e+04
2.966000000000000000e+04
1.789300000000000000e+04
2.201800000000000000e+04
1.353800000000000000e+04
4.311800000000000000e+04
3.642000000000000000e+04
9.405000000000000000e+03
1.341300000000000000e+04
6.720000000000000000e+03
1.560100000000000000e+04
4.474300000000000000e+04
3.113800000000000000e+04
2.729000000000000000e+03
3.824200000000000000e+04
2.962500000000000000e+04
4.789400000000000000e+04
4.209000000000000000e+04
3.639900000000000000e+04
6.244000000000000000e+03
5.545000000000000000e+03
4.064000000000000000e+03
1.285100000000000000e+04
2.180200000000000000e+04
4.116300000000000000e+04
6.232000000000000000e+03
3.862000000000000000e+03
3.509400000000000000e+04
4.019500000000000000e+04
3.925000000000000000e+04
6.217000000000000000e+03
3.677500000000000000e+04
4.297600000000000000e+04
4.846700000000000000e+04
1.483100000000000000e+04
3.009200000000000000e+04
8.893000000000000000e+03
6.020000000000000000e+03
4.608800000000000000e+04
1.524200000000000000e+04
4.530700000000000000e+04
2.655000000000000000e+04
6.034000000000000000e+03
7.905000000000000000e+03
3.222500000000000000e+04
6.017000000000000000e+03
2.187900000000000000e+04
2.791000000000000000e+03
4.260500000000000000e+04
5.823000000000000000e+03
1.538700000000000000e+04
2.956100000000000000e+04
3.947500000000000000e+04
2.920000000000000000e+02
1.695700000000000000e+04
3.086000000000000000e+04
1.407300000000000000e+04
2.185600000000000000e+04
2.207900000000000000e+04
1.702300000000000000e+04
8.739000000000000000e+03
1.582500000000000000e+04
2.741000000000000000e+03
1.804800000000000000e+04
4.993600000000000000e+04
1.737200000000000000e+04
2.202100000000000000e+04
4.636400000000000000e+04
2.353700000000000000e+04
4.549900000000000000e+04
4.018500000000000000e+04
9.613000000000000000e+03
4.328100000000000000e+04
3.789100000000000000e+04
2.617800000000000000e+04
4.589200000000000000e+04
2.093300000000000000e+04
4.097100000000000000e+04
2.222400000000000000e+04
2.438100000000000000e+04
3.485500000000000000e+04
4.857700000000000000e+04
3.853600000000000000e+04
3.175500000000000000e+04
7.753000000000000000e+03
4.663800000000000000e+04
4.383400000000000000e+04
2.623500000000000000e+04
4.422900000000000000e+04
4.959600000000000000e+04
1.855200000000000000e+04
4.313600000000000000e+04
3.667200000000000000e+04
4.364900000000000000e+04
3.940000000000000000e+03
3.149600000000000000e+04
2.659300000000000000e+04
2.392100000000000000e+04
2.640200000000000000e+04
4.594200000000000000e+04
4.852500000000000000e+04
1.831500000000000000e+04
3.689300000000000000e+04
2.669500000000000000e+04
4.212700000000000000e+04
1.417000000000000000e+04
3.732000000000000000e+03
7.881000000000000000e+03
6.016000000000000000e+03
2.302900000000000000e+04
3.547300000000000000e+04
4.968500000000000000e+04
4.817000000000000000e+03
4.169300000000000000e+04
1.200700000000000000e+04
4.132700000000000000e+04
9.506000000000000000e+03
4.479800000000000000e+04
3.406200000000000000e+04
2.747400000000000000e+04
3.114300000000000000e+04
2.123500000000000000e+04
1.390000000000000000e+03
3.824900000000000000e+04
3.762400000000000000e+04
4.202800000000000000e+04
2.083400000000000000e+04
1.475700000000000000e+04
2.639600000000000000e+04
6.808000000000000000e+03
9.225000000000000000e+03
4.839400000000000000e+04
5.395000000000000000e+03
6.943000000000000000e+03
2.387000000000000000e+04
3.249200000000000000e+04
3.634500000000000000e+04
1.075500000000000000e+04
1.230100000000000000e+04
4.838600000000000000e+04
4.274500000000000000e+04
2.908900000000000000e+04
4.471200000000000000e+04
1.434300000000000000e+04
3.817200000000000000e+04
5.071000000000000000e+03
2.412100000000000000e+04
4.880900000000000000e+04
1.782000000000000000e+04
1.122000000000000000e+03
1.126400000000000000e+04
3.057900000000000000e+04
4.546400000000000000e+04
4.821600000000000000e+04
4.304400000000000000e+04
1.565600000000000000e+04
1.900000000000000000e+03
1.470000000000000000e+02
2.964200000000000000e+04
3.211000000000000000e+03
4.385000000000000000e+04
2.354000000000000000e+03
3.152000000000000000e+04
4.258300000000000000e+04
4.333700000000000000e+04
4.528400000000000000e+04
4.695600000000000000e+04
4.879000000000000000e+04
3.658500000000000000e+04
1.046500000000000000e+04
7.821000000000000000e+03
7.205000000000000000e+03
6.413000000000000000e+03
3.404600000000000000e+04
1.272800000000000000e+04
6.925000000000000000e+03
2.799500000000000000e+04
3.761200000000000000e+04
3.948300000000000000e+04
3.016000000000000000e+03
1.640000000000000000e+03
8.883000000000000000e+03
3.760100000000000000e+04
1.296900000000000000e+04
2.346300000000000000e+04
1.575700000000000000e+04
4.407600000000000000e+04
4.086000000000000000e+03
5.080000000000000000e+02
6.354000000000000000e+03
2.964400000000000000e+04
2.081500000000000000e+04
6.234000000000000000e+03
3.198900000000000000e+04
1.299500000000000000e+04
4.250100000000000000e+04
3.892000000000000000e+04
2.620000000000000000e+02
7.891000000000000000e+03
1.052700000000000000e+04
1.860000000000000000e+04
2.411400000000000000e+04
3.349800000000000000e+04
1.347100000000000000e+04
3.172500000000000000e+04
2.369000000000000000e+04
1.055700000000000000e+04
6.556000000000000000e+03
4.557700000000000000e+04
4.150300000000000000e+04
2.787200000000000000e+04
1.081000000000000000e+04
3.821400000000000000e+04
1.173000000000000000e+04
2.743800000000000000e+04
2.177900000000000000e+04
3.407900000000000000e+04
2.291500000000000000e+04
8.085000000000000000e+03
4.346700000000000000e+04
1.470900000000000000e+04
1.546600000000000000e+04
3.717200000000000000e+04
2.874800000000000000e+04
3.104000000000000000e+03
7.080000000000000000e+02
3.838500000000000000e+04
2.344400000000000000e+04
2.651000000000000000e+04
8.466000000000000000e+03
6.230000000000000000e+03
4.635800000000000000e+04
3.935700000000000000e+04
1.638600000000000000e+04
3.416500000000000000e+04
4.168000000000000000e+03
5.803000000000000000e+03
1.275300000000000000e+04
2.189000000000000000e+03
1.218700000000000000e+04
3.172700000000000000e+04
1.924500000000000000e+04
3.786600000000000000e+04
4.351400000000000000e+04
8.718000000000000000e+03
2.882400000000000000e+04
2.446800000000000000e+04
4.825200000000000000e+04
7.201000000000000000e+03
9.282000000000000000e+03
2.682000000000000000e+04
2.737300000000000000e+04
2.249200000000000000e+04
4.563700000000000000e+04
4.587900000000000000e+04
2.933900000000000000e+04
4.654700000000000000e+04
1.080300000000000000e+04
2.096400000000000000e+04
3.003200000000000000e+04
5.222000000000000000e+03
6.590000000000000000e+02
3.324500000000000000e+04
5.865000000000000000e+03
4.887100000000000000e+04
2.298500000000000000e+04
2.888000000000000000e+04
4.708700000000000000e+04
2.652700000000000000e+04
9.647000000000000000e+03
4.954500000000000000e+04
3.237400000000000000e+04
2.615800000000000000e+04
1.171100000000000000e+04
2.723800000000000000e+04
1.835300000000000000e+04
4.951400000000000000e+04
2.172400000000000000e+04
2.592400000000000000e+04
4.138900000000000000e+04
4.772000000000000000e+03
3.520400000000000000e+04
2.787800000000000000e+04
5.874000000000000000e+03
1.780400000000000000e+04
3.422300000000000000e+04
7.841000000000000000e+03
1.592200000000000000e+04
2.836600000000000000e+04
1.208300000000000000e+04
2.003300000000000000e+04
1.448700000000000000e+04
2.081800000000000000e+04
3.751700000000000000e+04
4.423500000000000000e+04
4.865000000000000000e+04
3.623500000000000000e+04
2.106900000000000000e+04
9.523000000000000000e+03
3.275500000000000000e+04
1.205300000000000000e+04
2.359300000000000000e+04
8.037000000000000000e+03
4.697600000000000000e+04
1.639900000000000000e+04
4.578500000000000000e+04
3.461500000000000000e+04
7.624000000000000000e+03
1.366100000000000000e+04
3.773600000000000000e+04
2.654100000000000000e+04
1.326700000000000000e+04
1.808200000000000000e+04
4.808500000000000000e+04
4.276700000000000000e+04
4.070000000000000000e+03
1.628600000000000000e+04
1.118000000000000000e+03
1.007400000000000000e+04
1.137300000000000000e+04
3.268400000000000000e+04
4.643300000000000000e+04
2.534900000000000000e+04
6.715000000000000000e+03
3.456700000000000000e+04
1.030000000000000000e+03
2.275300000000000000e+04
1.176100000000000000e+04
3.589600000000000000e+04
1.449200000000000000e+04
2.508500000000000000e+04
2.039500000000000000e+04
4.813000000000000000e+03
8.994000000000000000e+03
4.969100000000000000e+04
2.137400000000000000e+04
3.024200000000000000e+04
4.757800000000000000e+04
1.164000000000000000e+03
2.481000000000000000e+04
2.110900000000000000e+04
3.697000000000000000e+03
1.143800000000000000e+04
4.469000000000000000e+03
9.807000000000000000e+03
4.776700000000000000e+04
6.748000000000000000e+03
4.918400000000000000e+04
1.737800000000000000e+04
3.688400000000000000e+04
1.335600000000000000e+04
3.240400000000000000e+04
4.245400000000000000e+04
4.606500000000000000e+04
1.153800000000000000e+04
2.008000000000000000e+03
3.221000000000000000e+03
4.499600000000000000e+04
1.876200000000000000e+04
1.416500000000000000e+04
4.068300000000000000e+04
2.508000000000000000e+04
1.822000000000000000e+03
4.466100000000000000e+04
6.848000000000000000e+03
1.263500000000000000e+04
3.766800000000000000e+04
6.095000000000000000e+03
3.924800000000000000e+04
1.057700000000000000e+04
3.107400000000000000e+04
2.911200000000000000e+04
1.019200000000000000e+04
3.140000000000000000e+02
1.144900000000000000e+04
3.074500000000000000e+04
2.970200000000000000e+04
2.765800000000000000e+04
2.368500000000000000e+04
2.837500000000000000e+04
3.085000000000000000e+03
4.937100000000000000e+04
3.751000000000000000e+03
5.048000000000000000e+03
2.918600000000000000e+04
3.070800000000000000e+04
2.014600000000000000e+04
3.224900000000000000e+04
4.969000000000000000e+03
3.052500000000000000e+04
1.849400000000000000e+04
3.806400000000000000e+04
4.183600000000000000e+04
3.275200000000000000e+04
2.007300000000000000e+04
2.627300000000000000e+04
1.364900000000000000e+04
2.553300000000000000e+04
1.752100000000000000e+04
2.548000000000000000e+04
4.823400000000000000e+04
4.878700000000000000e+04
3.238900000000000000e+04
5.086000000000000000e+03
1.725200000000000000e+04
4.039000000000000000e+03
1.838600000000000000e+04
4.246000000000000000e+03
1.862700000000000000e+04
8.790000000000000000e+02
2.329800000000000000e+04
2.975200000000000000e+04
3.017200000000000000e+04
2.855900000000000000e+04
1.886300000000000000e+04
4.334300000000000000e+04
3.421000000000000000e+04
2.608300000000000000e+04
1.941000000000000000e+03
2.222500000000000000e+04
4.469100000000000000e+04
4.323900000000000000e+04
2.385900000000000000e+04
1.415800000000000000e+04
3.387500000000000000e+04
4.810400000000000000e+04
2.344900000000000000e+04
6.623000000000000000e+03
3.826400000000000000e+04
2.624100000000000000e+04
4.759100000000000000e+04
2.415500000000000000e+04
3.205800000000000000e+04
9.331000000000000000e+03
4.356400000000000000e+04
3.493000000000000000e+03
4.878000000000000000e+03
4.706200000000000000e+04
9.980000000000000000e+02
3.708600000000000000e+04
3.643700000000000000e+04
3.474900000000000000e+04
2.861600000000000000e+04
3.709500000000000000e+04
2.281000000000000000e+04
7.142000000000000000e+03
2.155800000000000000e+04
9.935000000000000000e+03
4.788000000000000000e+03
3.051000000000000000e+04
3.118900000000000000e+04
2.008300000000000000e+04
1.082300000000000000e+04
6.720000000000000000e+02
1.559400000000000000e+04
4.304800000000000000e+04
2.191100000000000000e+04
1.186800000000000000e+04
3.469000000000000000e+04
1.132100000000000000e+04
4.421100000000000000e+04
2.461400000000000000e+04
1.200500000000000000e+04
3.939000000000000000e+03
4.613000000000000000e+03
3.675900000000000000e+04
3.145800000000000000e+04
4.495200000000000000e+04
4.347000000000000000e+03
3.932700000000000000e+04
4.992200000000000000e+04
2.239300000000000000e+04
3.156000000000000000e+03
2.991700000000000000e+04
3.722300000000000000e+04
1.347800000000000000e+04
1.387100000000000000e+04
3.855500000000000000e+04
2.532900000000000000e+04
4.468400000000000000e+04
9.850000000000000000e+02
3.713900000000000000e+04
3.503300000000000000e+04
2.373000000000000000e+04
7.530000000000000000e+03
4.439400000000000000e+04
3.294800000000000000e+04
3.087700000000000000e+04
2.993000000000000000e+04
2.341500000000000000e+04
6.059000000000000000e+03
2.367900000000000000e+04
1.594000000000000000e+04
6.948000000000000000e+03
3.009500000000000000e+04
4.133900000000000000e+04
4.959800000000000000e+04
3.318300000000000000e+04
1.658000000000000000e+04
1.388000000000000000e+03
2.135000000000000000e+04
4.975000000000000000e+04
3.443100000000000000e+04
2.445400000000000000e+04
4.035900000000000000e+04
1.857700000000000000e+04
3.345100000000000000e+04
4.785200000000000000e+04
4.000000000000000000e+00
2.918200000000000000e+04
8.230000000000000000e+03
5.946000000000000000e+03
7.822000000000000000e+03
1.948600000000000000e+04
1.538400000000000000e+04
4.109900000000000000e+04
1.818300000000000000e+04
2.716100000000000000e+04
1.164500000000000000e+04
2.439000000000000000e+04
4.850000000000000000e+03
4.743500000000000000e+04
4.220600000000000000e+04
4.534000000000000000e+04
2.816900000000000000e+04
3.419000000000000000e+03
4.259000000000000000e+04
3.873400000000000000e+04
3.671900000000000000e+04
2.949700000000000000e+04
4.362000000000000000e+03
4.028000000000000000e+03
3.426000000000000000e+03
2.026800000000000000e+04
2.005700000000000000e+04
1.147800000000000000e+04
4.794400000000000000e+04
2.939200000000000000e+04
2.904600000000000000e+04
8.564000000000000000e+03
3.950600000000000000e+04
4.980400000000000000e+04
2.544900000000000000e+04
3.492100000000000000e+04
3.047700000000000000e+04
1.351900000000000000e+04
3.400700000000000000e+04
2.131500000000000000e+04
4.242400000000000000e+04
4.890000000000000000e+04
4.763200000000000000e+04
4.978800000000000000e+04
4.423100000000000000e+04
1.072300000000000000e+04
1.315400000000000000e+04
1.376200000000000000e+04
4.281100000000000000e+04
3.080300000000000000e+04
3.626000000000000000e+04
2.143600000000000000e+04
2.597000000000000000e+04
3.220300000000000000e+04
7.180000000000000000e+03
4.128000000000000000e+04
2.808600000000000000e+04
1.370100000000000000e+04
1.003000000000000000e+03
9.058000000000000000e+03
4.423400000000000000e+04
2.567400000000000000e+04
4.505500000000000000e+04
3.514300000000000000e+04
3.816200000000000000e+04
2.247600000000000000e+04
2.300600000000000000e+04
4.534300000000000000e+04
3.612700000000000000e+04
4.970900000000000000e+04
1.309800000000000000e+04
3.719500000000000000e+04
4.107000000000000000e+03
4.133500000000000000e+04
2.522200000000000000e+04
3.583900000000000000e+04
2.971800000000000000e+04
4.695200000000000000e+04
2.982700000000000000e+04
1.754200000000000000e+04
2.491500000000000000e+04
4.513000000000000000e+03
1.993600000000000000e+04
4.652400000000000000e+04
2.451000000000000000e+04
2.744100000000000000e+04
1.200100000000000000e+04
2.335300000000000000e+04
2.729200000000000000e+04
3.420300000000000000e+04
1.214700000000000000e+04
1.529100000000000000e+04
4.687900000000000000e+04
8.690000000000000000e+03
1.265300000000000000e+04
3.146900000000000000e+04
2.954000000000000000e+03
3.003000000000000000e+03
1.581300000000000000e+04
6.656000000000000000e+03
1.277300000000000000e+04
3.953000000000000000e+04
3.440700000000000000e+04
8.836000000000000000e+03
1.461700000000000000e+04
2.283500000000000000e+04
1.598000000000000000e+04
3.791500000000000000e+04
1.570000000000000000e+03
3.590700000000000000e+04
2.608900000000000000e+04
2.091300000000000000e+04
9.957000000000000000e+03
1.827500000000000000e+04
1.543100000000000000e+04
2.349300000000000000e+04
1.578900000000000000e+04
3.577900000000000000e+04
1.198000000000000000e+04
4.490500000000000000e+04
3.576200000000000000e+04
2.709200000000000000e+04
4.683400000000000000e+04
3.343700000000000000e+04
4.738000000000000000e+04
1.590000000000000000e+03
2.675500000000000000e+04
2.175800000000000000e+04
3.001000000000000000e+03
4.411100000000000000e+04
4.351900000000000000e+04
6.280000000000000000e+02
2.073600000000000000e+04
1.190200000000000000e+04
6.366000000000000000e+03
1.713200000000000000e+04
9.478000000000000000e+03
4.187000000000000000e+04
1.293200000000000000e+04
1.364100000000000000e+04
1.962600000000000000e+04
9.951000000000000000e+03
2.896200000000000000e+04
2.844500000000000000e+04
1.969800000000000000e+04
4.422300000000000000e+04
2.996000000000000000e+03
1.363700000000000000e+04
2.247000000000000000e+04
3.608600000000000000e+04
2.891700000000000000e+04
1.764900000000000000e+04
2.795500000000000000e+04
2.854000000000000000e+03
1.338900000000000000e+04
1.304800000000000000e+04
2.233200000000000000e+04
3.057700000000000000e+04
3.473400000000000000e+04
1.953800000000000000e+04
3.958600000000000000e+04
5.572000000000000000e+03
4.775000000000000000e+04
3.096300000000000000e+04
3.549500000000000000e+04
2.026200000000000000e+04
4.465900000000000000e+04
2.174500000000000000e+04
4.724800000000000000e+04
3.622700000000000000e+04
2.878600000000000000e+04
3.561900000000000000e+04
4.599900000000000000e+04
4.951200000000000000e+04
4.451400000000000000e+04
2.868300000000000000e+04
3.154800000000000000e+04
3.196400000000000000e+04
9.433000000000000000e+03
2.237300000000000000e+04
2.162200000000000000e+04
1.245100000000000000e+04
1.179900000000000000e+04
3.138800000000000000e+04
2.076800000000000000e+04
4.828000000000000000e+03
1.458900000000000000e+04
1.507000000000000000e+03
1.861200000000000000e+04
1.930200000000000000e+04
3.830900000000000000e+04
1.738000000000000000e+03
3.587500000000000000e+04
4.706700000000000000e+04
5.114000000000000000e+03
2.490600000000000000e+04
7.635000000000000000e+03
1.439800000000000000e+04
3.617000000000000000e+04
9.183000000000000000e+03
3.679600000000000000e+04
3.762200000000000000e+04
1.655000000000000000e+03
4.326000000000000000e+03
2.737700000000000000e+04
1.904400000000000000e+04
4.432800000000000000e+04
9.661000000000000000e+03
1.591400000000000000e+04
2.546600000000000000e+04
1.361000000000000000e+04
1.167000000000000000e+04
1.219000000000000000e+03
3.886300000000000000e+04
1.255700000000000000e+04
3.914300000000000000e+04
3.550800000000000000e+04
1.185200000000000000e+04
1.323800000000000000e+04
2.995000000000000000e+04
2.798400000000000000e+04
2.209000000000000000e+04
4.898900000000000000e+04
4.063900000000000000e+04
2.891100000000000000e+04
8.570000000000000000e+03
3.843100000000000000e+04
4.052500000000000000e+04
3.554900000000000000e+04
2.948700000000000000e+04
2.603700000000000000e+04
1.937000000000000000e+04
4.473400000000000000e+04
6.915000000000000000e+03
1.499800000000000000e+04
1.675000000000000000e+04
2.995900000000000000e+04
2.885600000000000000e+04
3.891100000000000000e+04
5.843000000000000000e+03
1.576900000000000000e+04
2.709800000000000000e+04
3.472600000000000000e+04
2.093000000000000000e+04
1.231300000000000000e+04
8.293000000000000000e+03
4.940800000000000000e+04
2.231900000000000000e+04
2.048600000000000000e+04
2.261000000000000000e+04
1.246500000000000000e+04
4.151200000000000000e+04
4.860900000000000000e+04
1.767200000000000000e+04
8.565000000000000000e+03
4.290500000000000000e+04
3.329400000000000000e+04
1.292800000000000000e+04
8.383000000000000000e+03
2.654600000000000000e+04
2.116000000000000000e+04
2.533100000000000000e+04
4.160000000000000000e+02
3.831300000000000000e+04
4.075800000000000000e+04
1.406000000000000000e+03
2.798800000000000000e+04
2.065700000000000000e+04
4.698100000000000000e+04
2.990100000000000000e+04
3.286900000000000000e+04
2.161300000000000000e+04
1.869200000000000000e+04
1.446200000000000000e+04
1.352900000000000000e+04
2.980400000000000000e+04
1.444000000000000000e+03
1.821800000000000000e+04
4.506300000000000000e+04
3.064600000000000000e+04
4.916700000000000000e+04
3.998900000000000000e+04
4.475500000000000000e+04
4.834500000000000000e+04
4.296900000000000000e+04
2.041900000000000000e+04
1.089600000000000000e+04
4.562000000000000000e+04
3.634900000000000000e+04
1.931200000000000000e+04
5.582000000000000000e+03
6.682000000000000000e+03
3.067900000000000000e+04
2.838800000000000000e+04
6.847000000000000000e+03
1.598100000000000000e+04
3.367500000000000000e+04
4.750300000000000000e+04
7.565000000000000000e+03
2.072800000000000000e+04
7.411000000000000000e+03
2.535400000000000000e+04
4.773800000000000000e+04
9.758000000000000000e+03
9.767000000000000000e+03
7.133000000000000000e+03
2.859300000000000000e+04
4.120900000000000000e+04
2.311100000000000000e+04
4.434600000000000000e+04
2.280900000000000000e+04
2.050700000000000000e+04
4.570500000000000000e+04
2.176100000000000000e+04
2.149500000000000000e+04
1.150400000000000000e+04
3.245600000000000000e+04
4.420900000000000000e+04
4.381200000000000000e+04
1.826400000000000000e+04
4.111400000000000000e+04
2.003400000000000000e+04
1.007500000000000000e+04
3.729600000000000000e+04
1.427600000000000000e+04
3.578000000000000000e+04
1.687000000000000000e+04
4.229000000000000000e+03
4.902900000000000000e+04
1.670000000000000000e+02
1.444600000000000000e+04
3.671600000000000000e+04
3.616400000000000000e+04
1.447300000000000000e+04
4.442600000000000000e+04
4.611600000000000000e+04
3.062500000000000000e+04
9.960000000000000000e+03
3.872200000000000000e+04
2.834400000000000000e+04
1.643700000000000000e+04
8.853000000000000000e+03
1.736300000000000000e+04
4.580000000000000000e+03
4.730300000000000000e+04
4.467900000000000000e+04
1.519200000000000000e+04
3.144700000000000000e+04
5.525000000000000000e+03
3.922700000000000000e+04
3.467000000000000000e+03
1.507300000000000000e+04
4.870500000000000000e+04
1.360900000000000000e+04
1.878500000000000000e+04
3.975700000000000000e+04
2.421600000000000000e+04
3.398500000000000000e+04
1.162500000000000000e+04
1.213600000000000000e+04
1.262800000000000000e+04
2.834700000000000000e+04
4.351100000000000000e+04
5.872000000000000000e+03
4.824300000000000000e+04
3.398100000000000000e+04
3.126000000000000000e+04
1.229200000000000000e+04
4.228600000000000000e+04
1.366400000000000000e+04
