4.447400000000000000e+04
2.449000000000000000e+03
8.387000000000000000e+03
2.787000000000000000e+03
2.190600000000000000e+04
1.302000000000000000e+04
2.025800000000000000e+04
1.758400000000000000e+04
3.159600000000000000e+04
2.974600000000000000e+04
2.076500000000000000e+04
2.086400000000000000e+04
2.320000000000000000e+04
2.674700000000000000e+04
3.056700000000000000e+04
7.794000000000000000e+03
2.055700000000000000e+04
3.518100000000000000e+04
4.138700000000000000e+04
4.913600000000000000e+04
7.117000000000000000e+03
1.729000000000000000e+04
7.545000000000000000e+03
1.372600000000000000e+04
3.132300000000000000e+04
1.413000000000000000e+03
1.267600000000000000e+04
2.897200000000000000e+04
8.210000000000000000e+02
4.468800000000000000e+04
1.063000000000000000e+03
3.104100000000000000e+04
2.248700000000000000e+04
3.803400000000000000e+04
4.201600000000000000e+04
8.895000000000000000e+03
5.533000000000000000e+03
4.132900000000000000e+04
4.952000000000000000e+03
4.144100000000000000e+04
3.797000000000000000e+03
4.143100000000000000e+04
2.217600000000000000e+04
3.041600000000000000e+04
4.395000000000000000e+03
1.770800000000000000e+04
1.122500000000000000e+04
3.312000000000000000e+04
7.646000000000000000e+03
1.865700000000000000e+04
8.330000000000000000e+02
1.998100000000000000e+04
4.189000000000000000e+03
3.643000000000000000e+03
4.366100000000000000e+04
1.247800000000000000e+04
2.780900000000000000e+04
1.282500000000000000e+04
3.401700000000000000e+04
4.730000000000000000e+03
3.270000000000000000e+02
4.464200000000000000e+04
1.004000000000000000e+04
2.488000000000000000e+04
2.144200000000000000e+04
5.638000000000000000e+03
2.407600000000000000e+04
3.093600000000000000e+04
2.823700000000000000e+04
1.833700000000000000e+04
9.144000000000000000e+03
2.963900000000000000e+04
2.516700000000000000e+04
2.377100000000000000e+04
2.568700000000000000e+04
1.879700000000000000e+04
2.871700000000000000e+04
2.682200000000000000e+04
3.667000000000000000e+04
4.694700000000000000e+04
3.222000000000000000e+03
1.966000000000000000e+03
3.524600000000000000e+04
2.504200000000000000e+04
4.432400000000000000e+04
1.045000000000000000e+03
2.972300000000000000e+04
1.725400000000000000e+04
4.381400000000000000e+04
3.093100000000000000e+04
1.524600000000000000e+04
3.107900000000000000e+04
1.818100000000000000e+04
1.948100000000000000e+04
2.962200000000000000e+04
7.116000000000000000e+03
2.983000000000000000e+04
3.375300000000000000e+04
1.807600000000000000e+04
3.736000000000000000e+04
4.931500000000000000e+04
4.395000000000000000e+04
2.444800000000000000e+04
7.858000000000000000e+03
2.405600000000000000e+04
2.934200000000000000e+04
1.440600000000000000e+04
5.780000000000000000e+02
1.803100000000000000e+04
2.953000000000000000e+04
1.710000000000000000e+02
4.689500000000000000e+04
4.614400000000000000e+04
2.481000000000000000e+04
6.223000000000000000e+03
2.133500000000000000e+04
3.530100000000000000e+04
2.227000000000000000e+04
5.942000000000000000e+03
3.690400000000000000e+04
3.393000000000000000e+03
4.584500000000000000e+04
4.131600000000000000e+04
2.867700000000000000e+04
4.139100000000000000e+04
1.384000000000000000e+03
1.386800000000000000e+04
3.154000000000000000e+04
4.891800000000000000e+04
3.120500000000000000e+04
4.781900000000000000e+04
3.606500000000000000e+04
3.646000000000000000e+03
1.572800000000000000e+04
1.583500000000000000e+04
1.839000000000000000e+04
1.272100000000000000e+04
3.998200000000000000e+04
1.628000000000000000e+04
2.211800000000000000e+04
1.319000000000000000e+04
1.956500000000000000e+04
3.392400000000000000e+04
4.683900000000000000e+04
4.153700000000000000e+04
2.719800000000000000e+04
3.953600000000000000e+04
4.423800000000000000e+04
4.145500000000000000e+04
1.033300000000000000e+04
2.647300000000000000e+04
2.829600000000000000e+04
1.455200000000000000e+04
4.972400000000000000e+04
4.419000000000000000e+03
1.460700000000000000e+04
2.458300000000000000e+04
2.342700000000000000e+04
1.725200000000000000e+04
9.642000000000000000e+03
2.191700000000000000e+04
3.998000000000000000e+04
3.385700000000000000e+04
2.411200000000000000e+04
1.707300000000000000e+04
6.462000000000000000e+03
4.411200000000000000e+04
3.687300000000000000e+04
1.448700000000000000e+04
3.709000000000000000e+03
4.039400000000000000e+04
2.223400000000000000e+04
4.235400000000000000e+04
1.945600000000000000e+04
4.518500000000000000e+04
1.180600000000000000e+04
3.913400000000000000e+04
1.662000000000000000e+03
3.263700000000000000e+04
8.909000000000000000e+03
3.727000000000000000e+04
1.830000000000000000e+04
2.838000000000000000e+04
1.421500000000000000e+04
8.169000000000000000e+03
1.900500000000000000e+04
1.275700000000000000e+04
1.413100000000000000e+04
3.313000000000000000e+03
1.524000000000000000e+04
3.223800000000000000e+04
1.874200000000000000e+04
6.854000000000000000e+03
4.048200000000000000e+04
4.275200000000000000e+04
3.914700000000000000e+04
4.198300000000000000e+04
3.610700000000000000e+04
1.425700000000000000e+04
3.834600000000000000e+04
7.222000000000000000e+03
2.581000000000000000e+03
3.175800000000000000e+04
4.235000000000000000e+04
4.590200000000000000e+04
1.951600000000000000e+04
2.659100000000000000e+04
1.698600000000000000e+04
3.261200000000000000e+04
2.712400000000000000e+04
1.472700000000000000e+04
1.810600000000000000e+04
1.146100000000000000e+04
1.257700000000000000e+04
3.368700000000000000e+04
3.398200000000000000e+04
1.474800000000000000e+04
3.027400000000000000e+04
4.464800000000000000e+04
2.104000000000000000e+03
1.453600000000000000e+04
2.289500000000000000e+04
2.977800000000000000e+04
4.157900000000000000e+04
3.618200000000000000e+04
1.357900000000000000e+04
8.576000000000000000e+03
1.394300000000000000e+04
3.449500000000000000e+04
3.294400000000000000e+04
3.564600000000000000e+04
1.766600000000000000e+04
9.982000000000000000e+03
4.496100000000000000e+04
4.893900000000000000e+04
4.766800000000000000e+04
1.345600000000000000e+04
4.399400000000000000e+04
1.053000000000000000e+04
1.750100000000000000e+04
3.284900000000000000e+04
3.720000000000000000e+04
1.180300000000000000e+04
6.091000000000000000e+03
2.516500000000000000e+04
4.938900000000000000e+04
5.215000000000000000e+03
4.393200000000000000e+04
4.064000000000000000e+04
2.424500000000000000e+04
3.570000000000000000e+04
3.742400000000000000e+04
9.810000000000000000e+03
3.417600000000000000e+04
2.182800000000000000e+04
4.100700000000000000e+04
4.924100000000000000e+04
4.814000000000000000e+04
8.959000000000000000e+03
7.902000000000000000e+03
1.488500000000000000e+04
2.008000000000000000e+04
3.244500000000000000e+04
1.805200000000000000e+04
4.881000000000000000e+03
2.607700000000000000e+04
2.386100000000000000e+04
4.568000000000000000e+04
2.387700000000000000e+04
1.728000000000000000e+03
1.095500000000000000e+04
2.280000000000000000e+03
3.368200000000000000e+04
1.417900000000000000e+04
5.409000000000000000e+03
4.590300000000000000e+04
1.575100000000000000e+04
3.331000000000000000e+04
3.009100000000000000e+04
3.825500000000000000e+04
4.134900000000000000e+04
2.864800000000000000e+04
3.404000000000000000e+04
3.210300000000000000e+04
3.036400000000000000e+04
2.969000000000000000e+04
2.802100000000000000e+04
1.975700000000000000e+04
2.319600000000000000e+04
4.781000000000000000e+03
7.757000000000000000e+03
2.267000000000000000e+04
3.722900000000000000e+04
1.292500000000000000e+04
3.051200000000000000e+04
9.700000000000000000e+03
9.280000000000000000e+02
9.956000000000000000e+03
1.271000000000000000e+03
1.189700000000000000e+04
1.546600000000000000e+04
2.160300000000000000e+04
3.657800000000000000e+04
4.699900000000000000e+04
4.911000000000000000e+03
1.310100000000000000e+04
2.287000000000000000e+04
9.983000000000000000e+03
4.205300000000000000e+04
3.059200000000000000e+04
1.113000000000000000e+03
4.652100000000000000e+04
7.427000000000000000e+03
1.001000000000000000e+04
2.017600000000000000e+04
1.958600000000000000e+04
2.291900000000000000e+04
4.501300000000000000e+04
3.124500000000000000e+04
4.976000000000000000e+04
4.221000000000000000e+03
2.123000000000000000e+04
1.510000000000000000e+03
4.404500000000000000e+04
2.384100000000000000e+04
3.634100000000000000e+04
1.582000000000000000e+03
2.840500000000000000e+04
1.590000000000000000e+02
4.417600000000000000e+04
5.730000000000000000e+02
1.318000000000000000e+03
7.783000000000000000e+03
1.790300000000000000e+04
3.915700000000000000e+04
4.200900000000000000e+04
2.847400000000000000e+04
1.210100000000000000e+04
4.059000000000000000e+04
2.918000000000000000e+03
3.898100000000000000e+04
1.005200000000000000e+04
3.908500000000000000e+04
2.687000000000000000e+03
3.978900000000000000e+04
3.732200000000000000e+04
5.033000000000000000e+03
4.334600000000000000e+04
4.599100000000000000e+04
4.808300000000000000e+04
2.003000000000000000e+03
1.989700000000000000e+04
4.786900000000000000e+04
1.500000000000000000e+01
2.620900000000000000e+04
8.318000000000000000e+03
2.132500000000000000e+04
9.550000000000000000e+03
1.493000000000000000e+03
1.455000000000000000e+04
6.821000000000000000e+03
1.080000000000000000e+04
3.993600000000000000e+04
3.233400000000000000e+04
1.798300000000000000e+04
2.454400000000000000e+04
3.804900000000000000e+04
2.599100000000000000e+04
3.371300000000000000e+04
2.391700000000000000e+04
3.539500000000000000e+04
4.945000000000000000e+04
2.180000000000000000e+03
6.062000000000000000e+03
4.465700000000000000e+04
2.457700000000000000e+04
1.822300000000000000e+04
1.188500000000000000e+04
1.012000000000000000e+04
4.933200000000000000e+04
3.718000000000000000e+04
1.462800000000000000e+04
1.660600000000000000e+04
2.774800000000000000e+04
9.680000000000000000e+03
7.670000000000000000e+02
1.932800000000000000e+04
1.295900000000000000e+04
2.436600000000000000e+04
3.761400000000000000e+04
1.801400000000000000e+04
4.278800000000000000e+04
3.409300000000000000e+04
3.572500000000000000e+04
2.092600000000000000e+04
1.248400000000000000e+04
3.129700000000000000e+04
4.155700000000000000e+04
4.195800000000000000e+04
3.777100000000000000e+04
7.031000000000000000e+03
1.724000000000000000e+04
3.621800000000000000e+04
3.173000000000000000e+04
2.540100000000000000e+04
3.995000000000000000e+04
1.404500000000000000e+04
4.672900000000000000e+04
4.889700000000000000e+04
2.472500000000000000e+04
4.375800000000000000e+04
3.482300000000000000e+04
3.022100000000000000e+04
2.591000000000000000e+03
2.487000000000000000e+03
4.503000000000000000e+04
4.630600000000000000e+04
9.660000000000000000e+03
1.550000000000000000e+03
1.735700000000000000e+04
4.545000000000000000e+03
4.981400000000000000e+04
9.357000000000000000e+03
1.413700000000000000e+04
2.292600000000000000e+04
2.805400000000000000e+04
1.042000000000000000e+03
5.392000000000000000e+03
3.568400000000000000e+04
4.586000000000000000e+04
3.073600000000000000e+04
3.078700000000000000e+04
1.157000000000000000e+03
2.906800000000000000e+04
8.167000000000000000e+03
1.058700000000000000e+04
5.488000000000000000e+03
4.604300000000000000e+04
1.767400000000000000e+04
4.900200000000000000e+04
4.439500000000000000e+04
3.987000000000000000e+04
1.590000000000000000e+04
4.565000000000000000e+04
1.705400000000000000e+04
2.981500000000000000e+04
4.002700000000000000e+04
5.850000000000000000e+02
8.518000000000000000e+03
1.293700000000000000e+04
4.501100000000000000e+04
9.680000000000000000e+02
3.223300000000000000e+04
6.402000000000000000e+03
1.345000000000000000e+04
3.848900000000000000e+04
7.721000000000000000e+03
4.070200000000000000e+04
4.378100000000000000e+04
3.336300000000000000e+04
3.063000000000000000e+03
6.829000000000000000e+03
4.340800000000000000e+04
4.081400000000000000e+04
1.288300000000000000e+04
4.583100000000000000e+04
4.097900000000000000e+04
1.356400000000000000e+04
1.109800000000000000e+04
3.893200000000000000e+04
1.165000000000000000e+03
4.317500000000000000e+04
2.411400000000000000e+04
1.416000000000000000e+03
2.595500000000000000e+04
4.362900000000000000e+04
3.419200000000000000e+04
2.277300000000000000e+04
3.696600000000000000e+04
4.749700000000000000e+04
4.726800000000000000e+04
2.019100000000000000e+04
4.815900000000000000e+04
1.385400000000000000e+04
3.677000000000000000e+04
4.767300000000000000e+04
1.480500000000000000e+04
4.122500000000000000e+04
4.488600000000000000e+04
2.690000000000000000e+04
4.096700000000000000e+04
2.278000000000000000e+03
1.357300000000000000e+04
6.669000000000000000e+03
2.642900000000000000e+04
3.922100000000000000e+04
1.842300000000000000e+04
7.395000000000000000e+03
2.362000000000000000e+03
4.159700000000000000e+04
4.255600000000000000e+04
4.902300000000000000e+04
4.229500000000000000e+04
6.418000000000000000e+03
2.029300000000000000e+04
2.514500000000000000e+04
2.864200000000000000e+04
4.964200000000000000e+04
2.140000000000000000e+04
8.811000000000000000e+03
4.589900000000000000e+04
3.796000000000000000e+04
4.393700000000000000e+04
1.447000000000000000e+04
1.684600000000000000e+04
2.239400000000000000e+04
3.662700000000000000e+04
4.697700000000000000e+04
4.827900000000000000e+04
1.578000000000000000e+04
4.466200000000000000e+04
1.036600000000000000e+04
1.301500000000000000e+04
7.634000000000000000e+03
4.439200000000000000e+04
4.622800000000000000e+04
7.339000000000000000e+03
2.894500000000000000e+04
2.748800000000000000e+04
4.528700000000000000e+04
3.750400000000000000e+04
3.507800000000000000e+04
1.917000000000000000e+04
1.378000000000000000e+03
3.787700000000000000e+04
4.611700000000000000e+04
2.338200000000000000e+04
1.761900000000000000e+04
9.101000000000000000e+03
3.951300000000000000e+04
4.121800000000000000e+04
2.192700000000000000e+04
2.937100000000000000e+04
4.776300000000000000e+04
6.459000000000000000e+03
4.764000000000000000e+03
3.738700000000000000e+04
3.017900000000000000e+04
4.132600000000000000e+04
4.306200000000000000e+04
5.741000000000000000e+03
3.480000000000000000e+04
4.513800000000000000e+04
1.200000000000000000e+04
3.823500000000000000e+04
6.605000000000000000e+03
7.944000000000000000e+03
1.043500000000000000e+04
4.440200000000000000e+04
1.839100000000000000e+04
2.010000000000000000e+02
5.750000000000000000e+02
1.822600000000000000e+04
4.510000000000000000e+03
4.072800000000000000e+04
4.864600000000000000e+04
1.986900000000000000e+04
2.504300000000000000e+04
1.792700000000000000e+04
3.580000000000000000e+03
3.531300000000000000e+04
3.171700000000000000e+04
4.101500000000000000e+04
1.460300000000000000e+04
4.219500000000000000e+04
3.730800000000000000e+04
1.250300000000000000e+04
4.462700000000000000e+04
4.608000000000000000e+03
3.873300000000000000e+04
4.143300000000000000e+04
3.295800000000000000e+04
2.547000000000000000e+03
4.813700000000000000e+04
6.640000000000000000e+03
2.226100000000000000e+04
2.600200000000000000e+04
4.977100000000000000e+04
4.979800000000000000e+04
2.873000000000000000e+03
3.663800000000000000e+04
4.817500000000000000e+04
6.396000000000000000e+03
2.294800000000000000e+04
1.140000000000000000e+02
4.159500000000000000e+04
7.298000000000000000e+03
3.046000000000000000e+04
1.794700000000000000e+04
3.296100000000000000e+04
7.470000000000000000e+02
2.796400000000000000e+04
1.701600000000000000e+04
4.717600000000000000e+04
4.229300000000000000e+04
5.631000000000000000e+03
2.130600000000000000e+04
2.356800000000000000e+04
1.981000000000000000e+03
1.590200000000000000e+04
3.711000000000000000e+03
4.274500000000000000e+04
1.681500000000000000e+04
2.029000000000000000e+03
2.221000000000000000e+04
2.616500000000000000e+04
4.645900000000000000e+04
6.088000000000000000e+03
1.030800000000000000e+04
1.396500000000000000e+04
1.643400000000000000e+04
7.128000000000000000e+03
1.089800000000000000e+04
1.296200000000000000e+04
3.534600000000000000e+04
1.214100000000000000e+04
3.783800000000000000e+04
2.612700000000000000e+04
2.971000000000000000e+04
4.378500000000000000e+04
3.739200000000000000e+04
2.538400000000000000e+04
4.201900000000000000e+04
3.907000000000000000e+03
3.952400000000000000e+04
3.398000000000000000e+04
1.756200000000000000e+04
3.902900000000000000e+04
3.120600000000000000e+04
5.180000000000000000e+03
2.779500000000000000e+04
3.540400000000000000e+04
1.292800000000000000e+04
2.193700000000000000e+04
8.707000000000000000e+03
4.811200000000000000e+04
1.652200000000000000e+04
2.845500000000000000e+04
8.794000000000000000e+03
1.906500000000000000e+04
3.231000000000000000e+04
4.414500000000000000e+04
3.070100000000000000e+04
1.866300000000000000e+04
1.153400000000000000e+04
3.056400000000000000e+04
2.150700000000000000e+04
3.811300000000000000e+04
1.973400000000000000e+04
2.544000000000000000e+03
9.388000000000000000e+03
2.777100000000000000e+04
3.923100000000000000e+04
2.767400000000000000e+04
1.613000000000000000e+04
1.859600000000000000e+04
2.885000000000000000e+04
2.218600000000000000e+04
3.212800000000000000e+04
4.628600000000000000e+04
3.500200000000000000e+04
2.173300000000000000e+04
3.488900000000000000e+04
3.876800000000000000e+04
2.683500000000000000e+04
2.375000000000000000e+04
1.549000000000000000e+03
4.740100000000000000e+04
1.931000000000000000e+04
2.287700000000000000e+04
9.233000000000000000e+03
1.444300000000000000e+04
1.566000000000000000e+04
4.885500000000000000e+04
1.956000000000000000e+03
3.453300000000000000e+04
8.892000000000000000e+03
2.785900000000000000e+04
1.921200000000000000e+04
4.079000000000000000e+03
1.461200000000000000e+04
4.688300000000000000e+04
3.288100000000000000e+04
2.427900000000000000e+04
4.127000000000000000e+03
4.941000000000000000e+03
2.550800000000000000e+04
1.622700000000000000e+04
4.627000000000000000e+04
1.446800000000000000e+04
4.181700000000000000e+04
3.444600000000000000e+04
4.009100000000000000e+04
3.670700000000000000e+04
5.561000000000000000e+03
4.661700000000000000e+04
2.363600000000000000e+04
4.168000000000000000e+04
3.657200000000000000e+04
1.497100000000000000e+04
4.380400000000000000e+04
4.434000000000000000e+03
4.372600000000000000e+04
2.700000000000000000e+02
2.871500000000000000e+04
2.706600000000000000e+04
1.260000000000000000e+02
3.970400000000000000e+04
3.397000000000000000e+03
5.435000000000000000e+03
1.198100000000000000e+04
4.679000000000000000e+04
1.710600000000000000e+04
1.315400000000000000e+04
4.014800000000000000e+04
4.638400000000000000e+04
4.751900000000000000e+04
2.551700000000000000e+04
3.667900000000000000e+04
2.713000000000000000e+04
1.966400000000000000e+04
2.178900000000000000e+04
4.420100000000000000e+04
1.879000000000000000e+03
4.766200000000000000e+04
4.868900000000000000e+04
1.430000000000000000e+03
3.305600000000000000e+04
4.407100000000000000e+04
3.629400000000000000e+04
1.309900000000000000e+04
4.723000000000000000e+04
1.611100000000000000e+04
5.914000000000000000e+03
1.811600000000000000e+04
2.198600000000000000e+04
1.492200000000000000e+04
8.970000000000000000e+03
4.943500000000000000e+04
3.770200000000000000e+04
1.612000000000000000e+04
4.784800000000000000e+04
1.064500000000000000e+04
1.349000000000000000e+03
2.591500000000000000e+04
4.836000000000000000e+04
7.255000000000000000e+03
2.419000000000000000e+04
2.057300000000000000e+04
4.364600000000000000e+04
3.407900000000000000e+04
3.019700000000000000e+04
4.935600000000000000e+04
1.976400000000000000e+04
2.629700000000000000e+04
3.648800000000000000e+04
2.135000000000000000e+04
4.487800000000000000e+04
3.622400000000000000e+04
4.874100000000000000e+04
2.874800000000000000e+04
4.988300000000000000e+04
4.847100000000000000e+04
7.773000000000000000e+03
5.087000000000000000e+03
2.881600000000000000e+04
4.220700000000000000e+04
4.718900000000000000e+04
4.209800000000000000e+04
5.038000000000000000e+03
2.388300000000000000e+04
1.120600000000000000e+04
3.343700000000000000e+04
1.304800000000000000e+04
1.172700000000000000e+04
7.987000000000000000e+03
2.737800000000000000e+04
4.709400000000000000e+04
2.938000000000000000e+03
1.827100000000000000e+04
2.849600000000000000e+04
2.592900000000000000e+04
3.928000000000000000e+04
4.099200000000000000e+04
8.930000000000000000e+02
7.863000000000000000e+03
2.219700000000000000e+04
2.477500000000000000e+04
4.554800000000000000e+04
1.226900000000000000e+04
3.395800000000000000e+04
1.165500000000000000e+04
7.880000000000000000e+02
1.820600000000000000e+04
3.639600000000000000e+04
3.141600000000000000e+04
1.389800000000000000e+04
2.259000000000000000e+03
4.458500000000000000e+04
4.469800000000000000e+04
4.680600000000000000e+04
4.653000000000000000e+04
3.852500000000000000e+04
3.200000000000000000e+03
2.201800000000000000e+04
3.264500000000000000e+04
2.321100000000000000e+04
3.573000000000000000e+03
1.574000000000000000e+03
2.097400000000000000e+04
2.282400000000000000e+04
4.529000000000000000e+04
4.903300000000000000e+04
1.806400000000000000e+04
3.813600000000000000e+04
2.147000000000000000e+04
2.389800000000000000e+04
2.496500000000000000e+04
4.590800000000000000e+04
3.237500000000000000e+04
3.593900000000000000e+04
3.619100000000000000e+04
1.414000000000000000e+03
1.509900000000000000e+04
3.755600000000000000e+04
6.491000000000000000e+03
2.946800000000000000e+04
2.325800000000000000e+04
1.635900000000000000e+04
3.391800000000000000e+04
5.567000000000000000e+03
3.941900000000000000e+04
3.678800000000000000e+04
2.192900000000000000e+04
2.362700000000000000e+04
2.549100000000000000e+04
3.094300000000000000e+04
3.999200000000000000e+04
4.547600000000000000e+04
4.688000000000000000e+03
4.839800000000000000e+04
3.004900000000000000e+04
4.529500000000000000e+04
3.306600000000000000e+04
4.560800000000000000e+04
4.156300000000000000e+04
1.850700000000000000e+04
3.287800000000000000e+04
5.900000000000000000e+03
4.411300000000000000e+04
3.705400000000000000e+04
4.947800000000000000e+04
1.597500000000000000e+04
2.709900000000000000e+04
6.809000000000000000e+03
1.005900000000000000e+04
4.908000000000000000e+04
9.977000000000000000e+03
4.608700000000000000e+04
1.920000000000000000e+04
1.804800000000000000e+04
3.345600000000000000e+04
3.469800000000000000e+04
2.040900000000000000e+04
4.906000000000000000e+03
2.629000000000000000e+04
2.529700000000000000e+04
3.236000000000000000e+03
3.408000000000000000e+03
1.279400000000000000e+04
7.862000000000000000e+03
3.229000000000000000e+04
1.650500000000000000e+04
2.961300000000000000e+04
4.678600000000000000e+04
3.880700000000000000e+04
2.213500000000000000e+04
1.229300000000000000e+04
4.248600000000000000e+04
2.893100000000000000e+04
2.250600000000000000e+04
2.363500000000000000e+04
3.002700000000000000e+04
1.113200000000000000e+04
3.008600000000000000e+04
3.149800000000000000e+04
3.466600000000000000e+04
3.256900000000000000e+04
2.015900000000000000e+04
1.632000000000000000e+04
1.500300000000000000e+04
3.638800000000000000e+04
4.288300000000000000e+04
1.954600000000000000e+04
3.346300000000000000e+04
4.849800000000000000e+04
1.870000000000000000e+04
4.435900000000000000e+04
2.129900000000000000e+04
1.540500000000000000e+04
1.027800000000000000e+04
1.602800000000000000e+04
1.917900000000000000e+04
6.900000000000000000e+02
3.672400000000000000e+04
3.647000000000000000e+04
1.641900000000000000e+04
4.193000000000000000e+03
2.989000000000000000e+03
8.570000000000000000e+03
4.467200000000000000e+04
1.016200000000000000e+04
4.389100000000000000e+04
3.625300000000000000e+04
4.817100000000000000e+04
2.527000000000000000e+03
2.937900000000000000e+04
3.671000000000000000e+04
3.567300000000000000e+04
3.352200000000000000e+04
2.904000000000000000e+03
2.417100000000000000e+04
3.746200000000000000e+04
3.880500000000000000e+04
4.331300000000000000e+04
3.387700000000000000e+04
6.349000000000000000e+03
2.522000000000000000e+04
1.400500000000000000e+04
3.719200000000000000e+04
3.865200000000000000e+04
5.700000000000000000e+03
2.378700000000000000e+04
4.784700000000000000e+04
4.157800000000000000e+04
3.569000000000000000e+04
5.324000000000000000e+03
4.136000000000000000e+04
1.386400000000000000e+04
4.207000000000000000e+04
1.076500000000000000e+04
4.491700000000000000e+04
1.230300000000000000e+04
1.975800000000000000e+04
2.272400000000000000e+04
6.117000000000000000e+03
4.994100000000000000e+04
2.299000000000000000e+03
1.700800000000000000e+04
2.120100000000000000e+04
1.172100000000000000e+04
4.197500000000000000e+04
3.599900000000000000e+04
5.473000000000000000e+03
3.911400000000000000e+04
1.985100000000000000e+04
2.785400000000000000e+04
2.052600000000000000e+04
4.184000000000000000e+03
3.115800000000000000e+04
4.459800000000000000e+04
3.276200000000000000e+04
3.780100000000000000e+04
6.037000000000000000e+03
2.182700000000000000e+04
2.273300000000000000e+04
3.968500000000000000e+04
6.301000000000000000e+03
3.456000000000000000e+04
2.838600000000000000e+04
1.729800000000000000e+04
4.739700000000000000e+04
1.452200000000000000e+04
1.074100000000000000e+04
4.707400000000000000e+04
2.393000000000000000e+03
3.488400000000000000e+04
4.664700000000000000e+04
4.444200000000000000e+04
2.558500000000000000e+04
2.086000000000000000e+03
4.000400000000000000e+04
2.078000000000000000e+03
3.326700000000000000e+04
1.658500000000000000e+04
6.709000000000000000e+03
1.570000000000000000e+03
4.520400000000000000e+04
2.218200000000000000e+04
2.244100000000000000e+04
