1.501000000000000000e+03
2.586000000000000000e+03
2.653000000000000000e+03
1.055000000000000000e+03
7.050000000000000000e+02
1.060000000000000000e+02
5.890000000000000000e+02
2.468000000000000000e+03
2.413000000000000000e+03
1.600000000000000000e+03
2.464000000000000000e+03
2.280000000000000000e+02
9.150000000000000000e+02
7.940000000000000000e+02
3.021000000000000000e+03
3.543000000000000000e+03
1.073000000000000000e+03
3.351000000000000000e+03
1.744000000000000000e+03
1.084000000000000000e+03
9.260000000000000000e+02
3.049000000000000000e+03
1.117000000000000000e+03
6.420000000000000000e+02
4.767000000000000000e+03
5.010000000000000000e+02
4.066000000000000000e+03
3.330000000000000000e+02
4.684000000000000000e+03
4.860000000000000000e+02
1.962000000000000000e+03
3.930000000000000000e+02
4.842000000000000000e+03
4.866000000000000000e+03
1.755000000000000000e+03
2.515000000000000000e+03
3.585000000000000000e+03
4.315000000000000000e+03
4.966000000000000000e+03
2.099000000000000000e+03
3.599000000000000000e+03
4.121000000000000000e+03
2.900000000000000000e+01
6.500000000000000000e+01
8.380000000000000000e+02
3.906000000000000000e+03
3.773000000000000000e+03
4.635000000000000000e+03
3.161000000000000000e+03
2.659000000000000000e+03
4.615000000000000000e+03
4.628000000000000000e+03
2.451000000000000000e+03
2.846000000000000000e+03
1.144000000000000000e+03
3.078000000000000000e+03
1.103000000000000000e+03
1.680000000000000000e+02
1.670000000000000000e+03
2.570000000000000000e+03
2.377000000000000000e+03
4.395000000000000000e+03
4.257000000000000000e+03
3.862000000000000000e+03
2.300000000000000000e+01
2.633000000000000000e+03
3.340000000000000000e+03
2.215000000000000000e+03
3.682000000000000000e+03
4.724000000000000000e+03
1.907000000000000000e+03
8.400000000000000000e+01
2.270000000000000000e+02
2.960000000000000000e+02
1.001000000000000000e+03
2.138000000000000000e+03
7.110000000000000000e+02
2.801000000000000000e+03
2.527000000000000000e+03
3.752000000000000000e+03
3.321000000000000000e+03
3.181000000000000000e+03
4.183000000000000000e+03
1.615000000000000000e+03
3.024000000000000000e+03
1.413000000000000000e+03
7.630000000000000000e+02
6.550000000000000000e+02
4.797000000000000000e+03
3.849000000000000000e+03
4.153000000000000000e+03
4.680000000000000000e+02
1.570000000000000000e+02
1.295000000000000000e+03
4.970000000000000000e+02
4.740000000000000000e+03
2.940000000000000000e+03
3.456000000000000000e+03
3.730000000000000000e+02
7.900000000000000000e+01
1.553000000000000000e+03
1.669000000000000000e+03
2.131000000000000000e+03
4.439000000000000000e+03
4.650000000000000000e+02
2.480000000000000000e+02
9.310000000000000000e+02
1.335000000000000000e+03
4.524000000000000000e+03
1.338000000000000000e+03
1.406000000000000000e+03
1.090000000000000000e+03
4.209000000000000000e+03
7.420000000000000000e+02
2.323000000000000000e+03
3.601000000000000000e+03
2.123000000000000000e+03
2.094000000000000000e+03
2.400000000000000000e+02
2.351000000000000000e+03
1.370000000000000000e+03
1.057000000000000000e+03
4.816000000000000000e+03
1.990000000000000000e+02
2.280000000000000000e+03
4.749000000000000000e+03
2.220000000000000000e+03
4.771000000000000000e+03
2.819000000000000000e+03
3.150000000000000000e+03
4.256000000000000000e+03
3.107000000000000000e+03
1.973000000000000000e+03
1.375000000000000000e+03
3.968000000000000000e+03
4.062000000000000000e+03
4.445000000000000000e+03
3.557000000000000000e+03
9.640000000000000000e+02
1.790000000000000000e+02
3.698000000000000000e+03
3.821000000000000000e+03
4.878000000000000000e+03
3.899000000000000000e+03
4.487000000000000000e+03
3.238000000000000000e+03
2.974000000000000000e+03
3.580000000000000000e+03
2.887000000000000000e+03
2.575000000000000000e+03
1.419000000000000000e+03
3.907000000000000000e+03
4.673000000000000000e+03
4.902000000000000000e+03
1.860000000000000000e+03
8.000000000000000000e+00
2.894000000000000000e+03
2.847000000000000000e+03
3.664000000000000000e+03
1.440000000000000000e+02
2.104000000000000000e+03
3.143000000000000000e+03
8.410000000000000000e+02
1.128000000000000000e+03
1.510000000000000000e+02
3.591000000000000000e+03
1.052000000000000000e+03
1.590000000000000000e+03
3.008000000000000000e+03
2.029000000000000000e+03
3.418000000000000000e+03
1.807000000000000000e+03
2.696000000000000000e+03
3.039000000000000000e+03
4.720000000000000000e+02
3.289000000000000000e+03
4.074000000000000000e+03
3.496000000000000000e+03
2.790000000000000000e+02
1.741000000000000000e+03
4.624000000000000000e+03
2.886000000000000000e+03
1.941000000000000000e+03
1.000000000000000000e+02
2.804000000000000000e+03
3.570000000000000000e+03
3.684000000000000000e+03
3.661000000000000000e+03
5.300000000000000000e+02
1.886000000000000000e+03
6.810000000000000000e+02
3.794000000000000000e+03
3.944000000000000000e+03
4.666000000000000000e+03
2.018000000000000000e+03
1.096000000000000000e+03
8.290000000000000000e+02
2.805000000000000000e+03
3.829000000000000000e+03
4.381000000000000000e+03
3.891000000000000000e+03
7.640000000000000000e+02
2.767000000000000000e+03
4.328000000000000000e+03
3.295000000000000000e+03
2.194000000000000000e+03
2.357000000000000000e+03
3.425000000000000000e+03
3.979000000000000000e+03
9.110000000000000000e+02
3.145000000000000000e+03
9.990000000000000000e+02
3.653000000000000000e+03
2.483000000000000000e+03
4.076000000000000000e+03
2.370000000000000000e+03
4.838000000000000000e+03
3.300000000000000000e+01
3.789000000000000000e+03
1.020000000000000000e+03
1.647000000000000000e+03
7.330000000000000000e+02
4.582000000000000000e+03
3.274000000000000000e+03
1.620000000000000000e+03
3.135000000000000000e+03
2.689000000000000000e+03
2.707000000000000000e+03
2.970000000000000000e+02
2.339000000000000000e+03
6.530000000000000000e+02
3.774000000000000000e+03
1.255000000000000000e+03
4.520000000000000000e+03
2.300000000000000000e+02
3.276000000000000000e+03
3.230000000000000000e+03
6.910000000000000000e+02
2.754000000000000000e+03
4.863000000000000000e+03
9.690000000000000000e+02
6.330000000000000000e+02
4.092000000000000000e+03
4.077000000000000000e+03
1.321000000000000000e+03
1.831000000000000000e+03
2.178000000000000000e+03
1.417000000000000000e+03
1.782000000000000000e+03
4.715000000000000000e+03
4.701000000000000000e+03
4.118000000000000000e+03
1.652000000000000000e+03
1.483000000000000000e+03
2.275000000000000000e+03
8.770000000000000000e+02
3.525000000000000000e+03
2.016000000000000000e+03
4.260000000000000000e+02
6.260000000000000000e+02
1.589000000000000000e+03
2.223000000000000000e+03
2.217000000000000000e+03
4.483000000000000000e+03
1.485000000000000000e+03
1.739000000000000000e+03
2.480000000000000000e+03
2.584000000000000000e+03
2.893000000000000000e+03
1.490000000000000000e+02
6.760000000000000000e+02
1.261000000000000000e+03
4.917000000000000000e+03
1.200000000000000000e+01
1.833000000000000000e+03
3.248000000000000000e+03
1.491000000000000000e+03
2.727000000000000000e+03
3.686000000000000000e+03
1.424000000000000000e+03
4.605000000000000000e+03
4.595000000000000000e+03
7.310000000000000000e+02
1.231000000000000000e+03
1.634000000000000000e+03
3.936000000000000000e+03
1.210000000000000000e+03
3.268000000000000000e+03
1.934000000000000000e+03
5.530000000000000000e+02
4.910000000000000000e+02
2.962000000000000000e+03
2.329000000000000000e+03
2.195000000000000000e+03
3.064000000000000000e+03
6.570000000000000000e+02
2.374000000000000000e+03
2.225000000000000000e+03
4.264000000000000000e+03
1.170000000000000000e+03
1.320000000000000000e+02
4.710000000000000000e+02
3.225000000000000000e+03
1.405000000000000000e+03
2.876000000000000000e+03
4.504000000000000000e+03
4.692000000000000000e+03
2.826000000000000000e+03
2.870000000000000000e+02
1.869000000000000000e+03
3.114000000000000000e+03
3.625000000000000000e+03
2.312000000000000000e+03
4.923000000000000000e+03
1.618000000000000000e+03
9.940000000000000000e+02
1.803000000000000000e+03
2.642000000000000000e+03
4.802000000000000000e+03
3.535000000000000000e+03
4.831000000000000000e+03
3.911000000000000000e+03
2.107000000000000000e+03
3.044000000000000000e+03
4.160000000000000000e+02
9.770000000000000000e+02
2.417000000000000000e+03
5.050000000000000000e+02
4.152000000000000000e+03
4.255000000000000000e+03
3.941000000000000000e+03
4.140000000000000000e+02
4.148000000000000000e+03
1.183000000000000000e+03
4.850000000000000000e+02
8.930000000000000000e+02
8.050000000000000000e+02
5.550000000000000000e+02
3.825000000000000000e+03
1.197000000000000000e+03
4.253000000000000000e+03
4.058000000000000000e+03
1.293000000000000000e+03
2.221000000000000000e+03
3.504000000000000000e+03
3.654000000000000000e+03
4.758000000000000000e+03
3.006000000000000000e+03
2.093000000000000000e+03
2.187000000000000000e+03
3.036000000000000000e+03
3.918000000000000000e+03
1.272000000000000000e+03
2.900000000000000000e+02
4.827000000000000000e+03
2.520000000000000000e+02
3.245000000000000000e+03
3.500000000000000000e+02
1.187000000000000000e+03
1.961000000000000000e+03
4.220000000000000000e+02
9.000000000000000000e+01
3.729000000000000000e+03
2.236000000000000000e+03
6.700000000000000000e+02
3.040000000000000000e+03
2.600000000000000000e+01
4.290000000000000000e+02
6.830000000000000000e+02
4.463000000000000000e+03
3.945000000000000000e+03
3.523000000000000000e+03
1.541000000000000000e+03
2.031000000000000000e+03
2.232000000000000000e+03
4.120000000000000000e+03
3.235000000000000000e+03
2.540000000000000000e+02
1.029000000000000000e+03
4.392000000000000000e+03
3.800000000000000000e+03
4.310000000000000000e+03
2.509000000000000000e+03
2.292000000000000000e+03
1.323000000000000000e+03
1.550000000000000000e+03
4.647000000000000000e+03
3.150000000000000000e+02
1.242000000000000000e+03
2.450000000000000000e+03
1.578000000000000000e+03
4.625000000000000000e+03
3.116000000000000000e+03
6.900000000000000000e+01
8.590000000000000000e+02
2.753000000000000000e+03
1.632000000000000000e+03
1.650000000000000000e+03
3.860000000000000000e+03
3.106000000000000000e+03
1.074000000000000000e+03
4.001000000000000000e+03
7.870000000000000000e+02
2.605000000000000000e+03
3.630000000000000000e+03
2.121000000000000000e+03
1.874000000000000000e+03
8.110000000000000000e+02
3.870000000000000000e+02
2.882000000000000000e+03
1.175000000000000000e+03
3.197000000000000000e+03
2.623000000000000000e+03
1.351000000000000000e+03
4.100000000000000000e+02
4.212000000000000000e+03
1.090000000000000000e+02
4.995000000000000000e+03
3.429000000000000000e+03
2.809000000000000000e+03
2.594000000000000000e+03
2.836000000000000000e+03
2.372000000000000000e+03
1.235000000000000000e+03
2.146000000000000000e+03
4.975000000000000000e+03
5.990000000000000000e+02
1.434000000000000000e+03
4.996000000000000000e+03
5.380000000000000000e+02
7.210000000000000000e+02
4.410000000000000000e+03
1.872000000000000000e+03
2.845000000000000000e+03
2.053000000000000000e+03
2.907000000000000000e+03
2.254000000000000000e+03
3.912000000000000000e+03
1.770000000000000000e+02
2.890000000000000000e+03
3.673000000000000000e+03
8.000000000000000000e+01
2.561000000000000000e+03
1.723000000000000000e+03
1.617000000000000000e+03
1.654000000000000000e+03
2.328000000000000000e+03
4.613000000000000000e+03
2.210000000000000000e+02
9.300000000000000000e+01
2.609000000000000000e+03
3.382000000000000000e+03
4.415000000000000000e+03
1.397000000000000000e+03
4.686000000000000000e+03
1.292000000000000000e+03
2.164000000000000000e+03
2.939000000000000000e+03
3.668000000000000000e+03
8.120000000000000000e+02
1.258000000000000000e+03
8.890000000000000000e+02
1.451000000000000000e+03
3.316000000000000000e+03
2.559000000000000000e+03
3.574000000000000000e+03
2.680000000000000000e+03
4.651000000000000000e+03
4.811000000000000000e+03
4.679000000000000000e+03
2.964000000000000000e+03
2.672000000000000000e+03
5.610000000000000000e+02
2.778000000000000000e+03
2.948000000000000000e+03
2.817000000000000000e+03
2.758000000000000000e+03
1.756000000000000000e+03
7.240000000000000000e+02
2.190000000000000000e+02
4.139000000000000000e+03
3.957000000000000000e+03
1.588000000000000000e+03
3.347000000000000000e+03
3.970000000000000000e+03
4.707000000000000000e+03
4.300000000000000000e+01
3.001000000000000000e+03
2.100000000000000000e+02
6.770000000000000000e+02
3.540000000000000000e+02
1.433000000000000000e+03
9.490000000000000000e+02
2.843000000000000000e+03
5.770000000000000000e+02
3.928000000000000000e+03
5.440000000000000000e+02
3.670000000000000000e+02
1.612000000000000000e+03
3.550000000000000000e+03
3.716000000000000000e+03
3.779000000000000000e+03
1.350000000000000000e+02
4.480000000000000000e+03
1.437000000000000000e+03
4.700000000000000000e+01
1.360000000000000000e+03
7.340000000000000000e+02
1.534000000000000000e+03
2.004000000000000000e+03
3.795000000000000000e+03
2.519000000000000000e+03
1.972000000000000000e+03
9.960000000000000000e+02
6.100000000000000000e+01
1.108000000000000000e+03
2.405000000000000000e+03
9.500000000000000000e+01
4.780000000000000000e+02
4.359000000000000000e+03
4.112000000000000000e+03
3.707000000000000000e+03
1.101000000000000000e+03
2.746000000000000000e+03
2.170000000000000000e+03
3.220000000000000000e+02
4.254000000000000000e+03
3.142000000000000000e+03
3.537000000000000000e+03
4.925000000000000000e+03
2.924000000000000000e+03
1.149000000000000000e+03
3.617000000000000000e+03
2.910000000000000000e+02
3.749000000000000000e+03
3.586000000000000000e+03
5.330000000000000000e+02
3.607000000000000000e+03
2.648000000000000000e+03
4.810000000000000000e+03
1.983000000000000000e+03
2.932000000000000000e+03
1.536000000000000000e+03
4.534000000000000000e+03
4.172000000000000000e+03
3.360000000000000000e+03
3.665000000000000000e+03
4.005000000000000000e+03
3.626000000000000000e+03
5.860000000000000000e+02
3.256000000000000000e+03
2.298000000000000000e+03
3.988000000000000000e+03
5.840000000000000000e+02
2.423000000000000000e+03
1.391000000000000000e+03
4.525000000000000000e+03
4.920000000000000000e+03
4.800000000000000000e+03
3.240000000000000000e+03
4.281000000000000000e+03
3.338000000000000000e+03
3.220000000000000000e+03
2.111000000000000000e+03
1.174000000000000000e+03
4.862000000000000000e+03
3.811000000000000000e+03
1.867000000000000000e+03
2.614000000000000000e+03
3.866000000000000000e+03
4.885000000000000000e+03
3.778000000000000000e+03
3.846000000000000000e+03
2.416000000000000000e+03
7.000000000000000000e+01
4.880000000000000000e+03
1.126000000000000000e+03
4.024000000000000000e+03
3.250000000000000000e+03
3.901000000000000000e+03
1.095000000000000000e+03
4.545000000000000000e+03
1.212000000000000000e+03
3.921000000000000000e+03
1.425000000000000000e+03
3.066000000000000000e+03
4.519000000000000000e+03
2.100000000000000000e+03
8.070000000000000000e+02
4.743000000000000000e+03
3.750000000000000000e+03
1.362000000000000000e+03
2.317000000000000000e+03
4.581000000000000000e+03
4.741000000000000000e+03
1.025000000000000000e+03
3.109000000000000000e+03
2.110000000000000000e+03
1.041000000000000000e+03
1.876000000000000000e+03
8.810000000000000000e+02
4.299000000000000000e+03
1.192000000000000000e+03
4.587000000000000000e+03
4.510000000000000000e+03
3.670000000000000000e+03
6.240000000000000000e+02
2.796000000000000000e+03
4.291000000000000000e+03
4.968000000000000000e+03
2.330000000000000000e+02
4.566000000000000000e+03
1.662000000000000000e+03
4.150000000000000000e+02
4.246000000000000000e+03
2.173000000000000000e+03
1.456000000000000000e+03
7.460000000000000000e+02
1.700000000000000000e+01
1.200000000000000000e+03
1.699000000000000000e+03
3.253000000000000000e+03
5.960000000000000000e+02
3.226000000000000000e+03
4.405000000000000000e+03
4.719000000000000000e+03
1.505000000000000000e+03
1.412000000000000000e+03
1.965000000000000000e+03
3.710000000000000000e+02
1.340000000000000000e+03
5.980000000000000000e+02
2.380000000000000000e+02
3.400000000000000000e+03
2.067000000000000000e+03
8.100000000000000000e+02
1.094000000000000000e+03
4.324000000000000000e+03
4.760000000000000000e+03
3.676000000000000000e+03
3.464000000000000000e+03
3.103000000000000000e+03
2.749000000000000000e+03
2.295000000000000000e+03
4.192000000000000000e+03
3.708000000000000000e+03
3.018000000000000000e+03
4.252000000000000000e+03
8.030000000000000000e+02
4.190000000000000000e+03
3.705000000000000000e+03
7.510000000000000000e+02
4.644000000000000000e+03
2.531000000000000000e+03
6.210000000000000000e+02
2.297000000000000000e+03
3.828000000000000000e+03
5.660000000000000000e+02
1.135000000000000000e+03
1.204000000000000000e+03
1.047000000000000000e+03
5.100000000000000000e+01
3.651000000000000000e+03
1.044000000000000000e+03
2.181000000000000000e+03
2.688000000000000000e+03
5.340000000000000000e+02
3.184000000000000000e+03
3.857000000000000000e+03
4.430000000000000000e+02
3.604000000000000000e+03
1.950000000000000000e+02
1.115000000000000000e+03
7.650000000000000000e+02
1.945000000000000000e+03
3.247000000000000000e+03
3.002000000000000000e+03
1.432000000000000000e+03
4.200000000000000000e+03
3.095000000000000000e+03
2.922000000000000000e+03
6.440000000000000000e+02
1.049000000000000000e+03
3.745000000000000000e+03
4.093000000000000000e+03
4.403000000000000000e+03
1.200000000000000000e+02
2.052000000000000000e+03
4.258000000000000000e+03
4.888000000000000000e+03
4.334000000000000000e+03
4.691000000000000000e+03
1.340000000000000000e+02
2.460000000000000000e+03
1.954000000000000000e+03
2.463000000000000000e+03
1.840000000000000000e+02
1.392000000000000000e+03
2.276000000000000000e+03
5.110000000000000000e+02
4.729000000000000000e+03
4.054000000000000000e+03
3.137000000000000000e+03
2.669000000000000000e+03
4.773000000000000000e+03
4.861000000000000000e+03
2.117000000000000000e+03
2.510000000000000000e+02
3.526000000000000000e+03
3.559000000000000000e+03
4.011000000000000000e+03
1.507000000000000000e+03
1.220000000000000000e+02
4.259000000000000000e+03
3.333000000000000000e+03
1.871000000000000000e+03
3.692000000000000000e+03
5.670000000000000000e+02
1.371000000000000000e+03
3.185000000000000000e+03
3.955000000000000000e+03
1.056000000000000000e+03
8.560000000000000000e+02
3.838000000000000000e+03
2.860000000000000000e+03
4.769000000000000000e+03
7.760000000000000000e+02
7.200000000000000000e+02
2.710000000000000000e+03
2.654000000000000000e+03
4.877000000000000000e+03
6.020000000000000000e+02
3.822000000000000000e+03
1.244000000000000000e+03
4.845000000000000000e+03
4.841000000000000000e+03
3.180000000000000000e+02
8.280000000000000000e+02
3.263000000000000000e+03
2.740000000000000000e+02
2.664000000000000000e+03
5.490000000000000000e+02
3.641000000000000000e+03
4.053000000000000000e+03
4.892000000000000000e+03
2.934000000000000000e+03
6.050000000000000000e+02
8.960000000000000000e+02
5.270000000000000000e+02
4.607000000000000000e+03
2.347000000000000000e+03
3.439000000000000000e+03
4.998000000000000000e+03
4.826000000000000000e+03
3.922000000000000000e+03
2.980000000000000000e+02
2.119000000000000000e+03
2.536000000000000000e+03
4.203000000000000000e+03
3.254000000000000000e+03
3.725000000000000000e+03
1.260000000000000000e+03
1.558000000000000000e+03
3.269000000000000000e+03
4.046000000000000000e+03
7.560000000000000000e+02
1.010000000000000000e+03
2.794000000000000000e+03
2.905000000000000000e+03
1.870000000000000000e+03
2.229000000000000000e+03
1.173000000000000000e+03
1.832000000000000000e+03
3.760000000000000000e+02
3.853000000000000000e+03
3.616000000000000000e+03
7.980000000000000000e+02
3.780000000000000000e+02
1.158000000000000000e+03
3.819000000000000000e+03
2.792000000000000000e+03
2.240000000000000000e+03
4.035000000000000000e+03
2.662000000000000000e+03
4.012000000000000000e+03
2.957000000000000000e+03
3.927000000000000000e+03
1.038000000000000000e+03
3.259000000000000000e+03
1.344000000000000000e+03
2.505000000000000000e+03
1.721000000000000000e+03
4.663000000000000000e+03
1.750000000000000000e+02
4.893000000000000000e+03
1.909000000000000000e+03
4.500000000000000000e+01
3.409000000000000000e+03
4.674000000000000000e+03
1.075000000000000000e+03
2.829000000000000000e+03
1.504000000000000000e+03
2.309000000000000000e+03
1.436000000000000000e+03
2.418000000000000000e+03
3.986000000000000000e+03
3.098000000000000000e+03
4.588000000000000000e+03
2.830000000000000000e+02
4.918000000000000000e+03
8.420000000000000000e+02
1.513000000000000000e+03
1.168000000000000000e+03
1.592000000000000000e+03
3.460000000000000000e+03
3.165000000000000000e+03
2.284000000000000000e+03
3.575000000000000000e+03
4.870000000000000000e+03
2.305000000000000000e+03
9.520000000000000000e+02
4.942000000000000000e+03
3.053000000000000000e+03
4.559000000000000000e+03
2.685000000000000000e+03
1.489000000000000000e+03
9.270000000000000000e+02
1.209000000000000000e+03
3.973000000000000000e+03
3.545000000000000000e+03
4.361000000000000000e+03
1.921000000000000000e+03
3.510000000000000000e+02
4.898000000000000000e+03
3.393000000000000000e+03
2.721000000000000000e+03
4.981000000000000000e+03
7.180000000000000000e+02
2.702000000000000000e+03
2.722000000000000000e+03
4.561000000000000000e+03
3.080000000000000000e+02
1.675000000000000000e+03
8.330000000000000000e+02
3.660000000000000000e+02
4.506000000000000000e+03
2.078000000000000000e+03
4.038000000000000000e+03
4.846000000000000000e+03
4.479000000000000000e+03
1.746000000000000000e+03
1.900000000000000000e+01
1.322000000000000000e+03
3.567000000000000000e+03
2.521000000000000000e+03
2.180000000000000000e+02
1.487000000000000000e+03
4.380000000000000000e+02
4.174000000000000000e+03
2.750000000000000000e+03
3.288000000000000000e+03
3.433000000000000000e+03
2.525000000000000000e+03
4.650000000000000000e+03
3.688000000000000000e+03
2.763000000000000000e+03
8.020000000000000000e+02
2.997000000000000000e+03
2.228000000000000000e+03
4.785000000000000000e+03
2.077000000000000000e+03
5.820000000000000000e+02
2.030000000000000000e+02
4.346000000000000000e+03
3.478000000000000000e+03
2.929000000000000000e+03
3.085000000000000000e+03
1.018000000000000000e+03
1.583000000000000000e+03
1.032000000000000000e+03
1.718000000000000000e+03
1.281000000000000000e+03
2.498000000000000000e+03
3.350000000000000000e+03
5.170000000000000000e+02
1.747000000000000000e+03
4.652000000000000000e+03
3.732000000000000000e+03
6.680000000000000000e+02
4.059000000000000000e+03
3.026000000000000000e+03
4.932000000000000000e+03
3.286000000000000000e+03
2.650000000000000000e+03
4.453000000000000000e+03
3.192000000000000000e+03
2.124000000000000000e+03
3.375000000000000000e+03
3.392000000000000000e+03
3.485000000000000000e+03
7.590000000000000000e+02
3.379000000000000000e+03
4.440000000000000000e+03
2.526000000000000000e+03
4.858000000000000000e+03
9.070000000000000000e+02
2.683000000000000000e+03
2.140000000000000000e+02
3.331000000000000000e+03
4.458000000000000000e+03
6.930000000000000000e+02
1.503000000000000000e+03
2.414000000000000000e+03
2.118000000000000000e+03
3.858000000000000000e+03
2.462000000000000000e+03
3.635000000000000000e+03
4.105000000000000000e+03
4.478000000000000000e+03
1.960000000000000000e+02
4.667000000000000000e+03
1.543000000000000000e+03
1.330000000000000000e+03
8.790000000000000000e+02
4.502000000000000000e+03
3.501000000000000000e+03
3.894000000000000000e+03
4.990000000000000000e+03
8.870000000000000000e+02
1.345000000000000000e+03
6.800000000000000000e+01
4.210000000000000000e+03
1.815000000000000000e+03
5.680000000000000000e+02
2.167000000000000000e+03
9.600000000000000000e+01
4.181000000000000000e+03
3.353000000000000000e+03
1.390000000000000000e+02
4.954000000000000000e+03
2.602000000000000000e+03
4.023000000000000000e+03
4.772000000000000000e+03
1.606000000000000000e+03
1.629000000000000000e+03
1.539000000000000000e+03
1.694000000000000000e+03
2.059000000000000000e+03
4.630000000000000000e+02
2.330000000000000000e+03
3.043000000000000000e+03
4.734000000000000000e+03
5.940000000000000000e+02
3.814000000000000000e+03
6.250000000000000000e+02
4.500000000000000000e+02
1.499000000000000000e+03
2.456000000000000000e+03
4.722000000000000000e+03
2.984000000000000000e+03
1.569000000000000000e+03
1.034000000000000000e+03
3.518000000000000000e+03
1.557000000000000000e+03
3.624000000000000000e+03
4.664000000000000000e+03
1.500000000000000000e+02
1.420000000000000000e+03
2.011000000000000000e+03
2.686000000000000000e+03
1.786000000000000000e+03
8.800000000000000000e+01
4.570000000000000000e+02
1.305000000000000000e+03
2.925000000000000000e+03
3.270000000000000000e+03
3.227000000000000000e+03
1.988000000000000000e+03
3.754000000000000000e+03
3.646000000000000000e+03
8.310000000000000000e+02
2.390000000000000000e+02
4.681000000000000000e+03
3.022000000000000000e+03
3.148000000000000000e+03
1.946000000000000000e+03
2.775000000000000000e+03
1.920000000000000000e+02
4.849000000000000000e+03
4.939000000000000000e+03
9.440000000000000000e+02
1.268000000000000000e+03
4.231000000000000000e+03
2.307000000000000000e+03
4.424000000000000000e+03
4.711000000000000000e+03
2.313000000000000000e+03
3.214000000000000000e+03
2.732000000000000000e+03
1.926000000000000000e+03
4.227000000000000000e+03
4.676000000000000000e+03
8.000000000000000000e+02
3.671000000000000000e+03
4.193000000000000000e+03
2.968000000000000000e+03
4.793000000000000000e+03
4.368000000000000000e+03
2.776000000000000000e+03
2.970000000000000000e+03
3.867000000000000000e+03
1.743000000000000000e+03
3.948000000000000000e+03
3.802000000000000000e+03
2.024000000000000000e+03
2.274000000000000000e+03
9.900000000000000000e+01
4.921000000000000000e+03
3.407000000000000000e+03
4.245000000000000000e+03
4.619000000000000000e+03
4.916000000000000000e+03
1.910000000000000000e+02
4.696000000000000000e+03
1.784000000000000000e+03
1.532000000000000000e+03
2.834000000000000000e+03
4.444000000000000000e+03
4.915000000000000000e+03
1.598000000000000000e+03
1.779000000000000000e+03
4.900000000000000000e+03
2.574000000000000000e+03
3.398000000000000000e+03
3.975000000000000000e+03
3.770000000000000000e+03
1.660000000000000000e+02
1.751000000000000000e+03
1.479000000000000000e+03
1.024000000000000000e+03
1.788000000000000000e+03
2.264000000000000000e+03
2.473000000000000000e+03
1.822000000000000000e+03
1.220000000000000000e+03
1.666000000000000000e+03
2.960000000000000000e+03
1.520000000000000000e+02
2.534000000000000000e+03
4.688000000000000000e+03
1.978000000000000000e+03
1.469000000000000000e+03
2.807000000000000000e+03
2.512000000000000000e+03
2.943000000000000000e+03
2.980000000000000000e+03
4.822000000000000000e+03
3.017000000000000000e+03
1.566000000000000000e+03
3.100000000000000000e+01
9.370000000000000000e+02
1.215000000000000000e+03
1.937000000000000000e+03
1.129000000000000000e+03
3.090000000000000000e+02
4.901000000000000000e+03
2.168000000000000000e+03
3.113000000000000000e+03
4.950000000000000000e+02
2.050000000000000000e+02
2.673000000000000000e+03
3.357000000000000000e+03
3.830000000000000000e+03
3.050000000000000000e+02
3.793000000000000000e+03
2.201000000000000000e+03
1.061000000000000000e+03
8.430000000000000000e+02
3.872000000000000000e+03
2.251000000000000000e+03
2.110000000000000000e+02
3.997000000000000000e+03
6.790000000000000000e+02
5.650000000000000000e+02
3.290000000000000000e+03
4.354000000000000000e+03
6.800000000000000000e+02
1.800000000000000000e+02
4.279000000000000000e+03
2.495000000000000000e+03
2.316000000000000000e+03
4.273000000000000000e+03
2.780000000000000000e+02
3.683000000000000000e+03
4.762000000000000000e+03
4.320000000000000000e+02
2.890000000000000000e+02
1.027000000000000000e+03
5.350000000000000000e+02
3.631000000000000000e+03
1.880000000000000000e+02
2.174000000000000000e+03
3.915000000000000000e+03
1.862000000000000000e+03
2.700000000000000000e+02
1.728000000000000000e+03
4.075000000000000000e+03
2.157000000000000000e+03
3.931000000000000000e+03
1.110000000000000000e+02
2.384000000000000000e+03
2.200000000000000000e+02
6.270000000000000000e+02
1.181000000000000000e+03
3.381000000000000000e+03
2.422000000000000000e+03
7.900000000000000000e+02
4.275000000000000000e+03
4.610000000000000000e+02
4.402000000000000000e+03
5.510000000000000000e+02
3.129000000000000000e+03
1.444000000000000000e+03
1.980000000000000000e+02
2.589000000000000000e+03
4.020000000000000000e+02
3.959000000000000000e+03
4.189000000000000000e+03
4.763000000000000000e+03
2.095000000000000000e+03
2.900000000000000000e+03
4.462000000000000000e+03
6.500000000000000000e+02
7.080000000000000000e+02
1.480000000000000000e+03
4.414000000000000000e+03
3.065000000000000000e+03
2.395000000000000000e+03
1.769000000000000000e+03
3.140000000000000000e+02
3.761000000000000000e+03
4.909000000000000000e+03
1.130000000000000000e+02
9.600000000000000000e+02
2.910000000000000000e+03
3.405000000000000000e+03
1.623000000000000000e+03
3.322000000000000000e+03
4.999000000000000000e+03
1.818000000000000000e+03
3.194000000000000000e+03
3.007000000000000000e+03
3.414000000000000000e+03
4.528000000000000000e+03
1.897000000000000000e+03
1.918000000000000000e+03
1.270000000000000000e+03
4.176000000000000000e+03
4.962000000000000000e+03
4.883000000000000000e+03
4.094000000000000000e+03
3.159000000000000000e+03
1.813000000000000000e+03
2.426000000000000000e+03
3.950000000000000000e+03
4.428000000000000000e+03
2.142000000000000000e+03
1.626000000000000000e+03
7.890000000000000000e+02
3.786000000000000000e+03
1.864000000000000000e+03
2.865000000000000000e+03
8.710000000000000000e+02
3.271000000000000000e+03
3.833000000000000000e+03
7.300000000000000000e+01
1.752000000000000000e+03
1.421000000000000000e+03
4.221000000000000000e+03
4.693000000000000000e+03
4.369000000000000000e+03
4.575000000000000000e+03
3.809000000000000000e+03
2.244000000000000000e+03
3.047000000000000000e+03
2.445000000000000000e+03
4.940000000000000000e+02
3.130000000000000000e+03
4.321000000000000000e+03
4.397000000000000000e+03
1.164000000000000000e+03
3.734000000000000000e+03
1.730000000000000000e+03
4.812000000000000000e+03
2.402000000000000000e+03
3.403000000000000000e+03
6.180000000000000000e+02
1.697000000000000000e+03
3.593000000000000000e+03
1.957000000000000000e+03
1.221000000000000000e+03
2.073000000000000000e+03
3.410000000000000000e+03
8.690000000000000000e+02
2.718000000000000000e+03
1.042000000000000000e+03
1.361000000000000000e+03
3.560000000000000000e+02
1.162000000000000000e+03
2.765000000000000000e+03
3.252000000000000000e+03
1.438000000000000000e+03
3.603000000000000000e+03
4.940000000000000000e+03
4.593000000000000000e+03
3.639000000000000000e+03
1.253000000000000000e+03
3.365000000000000000e+03
3.320000000000000000e+02
3.694000000000000000e+03
3.568000000000000000e+03
2.728000000000000000e+03
3.667000000000000000e+03
1.630000000000000000e+03
1.116000000000000000e+03
1.849000000000000000e+03
3.554000000000000000e+03
3.153000000000000000e+03
3.265000000000000000e+03
1.665000000000000000e+03
4.450000000000000000e+02
2.245000000000000000e+03
4.520000000000000000e+02
1.551000000000000000e+03
4.434000000000000000e+03
2.954000000000000000e+03
1.400000000000000000e+01
3.628000000000000000e+03
9.450000000000000000e+02
2.470000000000000000e+02
4.697000000000000000e+03
3.600000000000000000e+02
4.656000000000000000e+03
1.614000000000000000e+03
2.303000000000000000e+03
4.141000000000000000e+03
3.168000000000000000e+03
2.478000000000000000e+03
4.214000000000000000e+03
4.180000000000000000e+03
4.884000000000000000e+03
3.163000000000000000e+03
4.900000000000000000e+02
8.620000000000000000e+02
1.740000000000000000e+03
4.099000000000000000e+03
4.385000000000000000e+03
2.447000000000000000e+03
4.230000000000000000e+03
5.060000000000000000e+02
2.677000000000000000e+03
2.995000000000000000e+03
1.942000000000000000e+03
1.222000000000000000e+03
1.113000000000000000e+03
1.905000000000000000e+03
3.423000000000000000e+03
1.877000000000000000e+03
4.672000000000000000e+03
4.330000000000000000e+02
2.364000000000000000e+03
3.154000000000000000e+03
2.835000000000000000e+03
2.092000000000000000e+03
3.010000000000000000e+03
3.162000000000000000e+03
2.945000000000000000e+03
3.916000000000000000e+03
2.916000000000000000e+03
1.102000000000000000e+03
1.448000000000000000e+03
1.720000000000000000e+03
4.518000000000000000e+03
3.842000000000000000e+03
1.560000000000000000e+02
2.978000000000000000e+03
1.773000000000000000e+03
6.150000000000000000e+02
6.430000000000000000e+02
1.935000000000000000e+03
4.277000000000000000e+03
1.068000000000000000e+03
4.454000000000000000e+03
4.154000000000000000e+03
4.239000000000000000e+03
4.868000000000000000e+03
3.300000000000000000e+02
2.057000000000000000e+03
2.646000000000000000e+03
2.191000000000000000e+03
6.220000000000000000e+02
1.595000000000000000e+03
2.915000000000000000e+03
4.821000000000000000e+03
3.898000000000000000e+03
1.919000000000000000e+03
4.173000000000000000e+03
4.477000000000000000e+03
7.550000000000000000e+02
5.180000000000000000e+02
3.803000000000000000e+03
3.200000000000000000e+01
2.937000000000000000e+03
1.157000000000000000e+03
7.440000000000000000e+02
1.497000000000000000e+03
3.459000000000000000e+03
3.755000000000000000e+03
2.591000000000000000e+03
7.830000000000000000e+02
3.493000000000000000e+03
2.949000000000000000e+03
2.290000000000000000e+02
8.570000000000000000e+02
2.266000000000000000e+03
4.274000000000000000e+03
4.080000000000000000e+02
1.700000000000000000e+02
5.400000000000000000e+02
2.210000000000000000e+03
2.304000000000000000e+03
2.567000000000000000e+03
6.130000000000000000e+02
2.101000000000000000e+03
1.808000000000000000e+03
3.438000000000000000e+03
1.161000000000000000e+03
4.225000000000000000e+03
3.119000000000000000e+03
3.652000000000000000e+03
1.610000000000000000e+03
1.932000000000000000e+03
3.027000000000000000e+03
5.640000000000000000e+02
3.571000000000000000e+03
4.247000000000000000e+03
2.388000000000000000e+03
1.471000000000000000e+03
2.630000000000000000e+03
1.835000000000000000e+03
4.928000000000000000e+03
3.475000000000000000e+03
1.533000000000000000e+03
4.327000000000000000e+03
2.484000000000000000e+03
4.207000000000000000e+03
1.172000000000000000e+03
1.427000000000000000e+03
3.250000000000000000e+02
1.051000000000000000e+03
3.319000000000000000e+03
4.721000000000000000e+03
3.864000000000000000e+03
2.603000000000000000e+03
1.738000000000000000e+03
1.196000000000000000e+03
6.200000000000000000e+02
1.374000000000000000e+03
2.879000000000000000e+03
1.189000000000000000e+03
3.280000000000000000e+02
6.480000000000000000e+02
8.970000000000000000e+02
3.882000000000000000e+03
1.123000000000000000e+03
1.891000000000000000e+03
4.643000000000000000e+03
4.791000000000000000e+03
4.529000000000000000e+03
4.234000000000000000e+03
1.593000000000000000e+03
3.312000000000000000e+03
2.547000000000000000e+03
1.545000000000000000e+03
4.336000000000000000e+03
1.023000000000000000e+03
1.971000000000000000e+03
4.988000000000000000e+03
1.714000000000000000e+03
1.717000000000000000e+03
1.477000000000000000e+03
8.090000000000000000e+02
2.850000000000000000e+03
9.780000000000000000e+02
4.687000000000000000e+03
4.895000000000000000e+03
1.684000000000000000e+03
4.660000000000000000e+03
1.514000000000000000e+03
2.404000000000000000e+03
2.021000000000000000e+03
4.553000000000000000e+03
1.767000000000000000e+03
1.740000000000000000e+02
1.554000000000000000e+03
4.215000000000000000e+03
1.482000000000000000e+03
4.461000000000000000e+03
2.170000000000000000e+02
3.914000000000000000e+03
3.720000000000000000e+03
6.900000000000000000e+02
2.577000000000000000e+03
2.233000000000000000e+03
2.238000000000000000e+03
1.106000000000000000e+03
1.789000000000000000e+03
3.188000000000000000e+03
2.436000000000000000e+03
6.110000000000000000e+02
3.660000000000000000e+03
3.711000000000000000e+03
5.760000000000000000e+02
2.063000000000000000e+03
4.435000000000000000e+03
1.180000000000000000e+03
8.880000000000000000e+02
3.128000000000000000e+03
1.732000000000000000e+03
2.663000000000000000e+03
8.170000000000000000e+02
3.277000000000000000e+03
1.859000000000000000e+03
2.080000000000000000e+02
2.930000000000000000e+02
1.119000000000000000e+03
2.213000000000000000e+03
1.609000000000000000e+03
1.264000000000000000e+03
9.900000000000000000e+02
4.197000000000000000e+03
1.616000000000000000e+03
3.530000000000000000e+02
4.557000000000000000e+03
2.022000000000000000e+03
3.690000000000000000e+03
2.555000000000000000e+03
3.048000000000000000e+03
1.228000000000000000e+03
2.590000000000000000e+02
1.519000000000000000e+03
1.777000000000000000e+03
4.739000000000000000e+03
1.770000000000000000e+03
4.353000000000000000e+03
5.200000000000000000e+01
3.473000000000000000e+03
4.683000000000000000e+03
4.411000000000000000e+03
2.409000000000000000e+03
2.787000000000000000e+03
2.344000000000000000e+03
1.033000000000000000e+03
1.097000000000000000e+03
5.430000000000000000e+02
1.046000000000000000e+03
1.894000000000000000e+03
4.376000000000000000e+03
3.000000000000000000e+01
7.250000000000000000e+02
4.961000000000000000e+03
4.718000000000000000e+03
3.903000000000000000e+03
1.426000000000000000e+03
2.497000000000000000e+03
4.360000000000000000e+02
2.470000000000000000e+03
9.120000000000000000e+02
4.222000000000000000e+03
4.352000000000000000e+03
4.512000000000000000e+03
4.443000000000000000e+03
2.287000000000000000e+03
4.597000000000000000e+03
1.238000000000000000e+03
9.030000000000000000e+02
3.620000000000000000e+03
3.231000000000000000e+03
2.859000000000000000e+03
5.070000000000000000e+02
3.221000000000000000e+03
1.830000000000000000e+02
1.564000000000000000e+03
2.704000000000000000e+03
3.210000000000000000e+02
3.563000000000000000e+03
1.538000000000000000e+03
1.837000000000000000e+03
2.380000000000000000e+03
1.912000000000000000e+03
1.840000000000000000e+03
2.115000000000000000e+03
4.437000000000000000e+03
1.146000000000000000e+03
2.486000000000000000e+03
4.400000000000000000e+01
2.154000000000000000e+03
1.526000000000000000e+03
4.855000000000000000e+03
1.378000000000000000e+03
1.765000000000000000e+03
3.012000000000000000e+03
4.130000000000000000e+02
4.284000000000000000e+03
1.407000000000000000e+03
1.658000000000000000e+03
8.010000000000000000e+02
1.288000000000000000e+03
2.182000000000000000e+03
2.588000000000000000e+03
2.615000000000000000e+03
2.318000000000000000e+03
2.560000000000000000e+02
4.541000000000000000e+03
1.729000000000000000e+03
1.151000000000000000e+03
4.144000000000000000e+03
6.470000000000000000e+02
2.908000000000000000e+03
1.702000000000000000e+03
1.881000000000000000e+03
3.768000000000000000e+03
1.315000000000000000e+03
2.269000000000000000e+03
1.966000000000000000e+03
2.465000000000000000e+03
3.855000000000000000e+03
1.350000000000000000e+03
3.296000000000000000e+03
1.120000000000000000e+02
3.133000000000000000e+03
2.630000000000000000e+02
1.393000000000000000e+03
1.878000000000000000e+03
1.186000000000000000e+03
3.071000000000000000e+03
5.600000000000000000e+01
1.309000000000000000e+03
6.950000000000000000e+02
2.952000000000000000e+03
1.726000000000000000e+03
2.091000000000000000e+03
3.869000000000000000e+03
3.190000000000000000e+02
4.320000000000000000e+03
6.820000000000000000e+02
3.841000000000000000e+03
3.213000000000000000e+03
2.002000000000000000e+03
4.782000000000000000e+03
4.150000000000000000e+03
2.860000000000000000e+02
1.888000000000000000e+03
2.337000000000000000e+03
2.520000000000000000e+03
2.277000000000000000e+03
2.127000000000000000e+03
3.499000000000000000e+03
4.211000000000000000e+03
2.083000000000000000e+03
7.360000000000000000e+02
4.801000000000000000e+03
3.360000000000000000e+02
2.596000000000000000e+03
2.771000000000000000e+03
3.704000000000000000e+03
4.404000000000000000e+03
1.071000000000000000e+03
2.290000000000000000e+03
1.672000000000000000e+03
4.083000000000000000e+03
4.250000000000000000e+03
4.113000000000000000e+03
4.408000000000000000e+03
3.366000000000000000e+03
1.488000000000000000e+03
4.980000000000000000e+02
4.382000000000000000e+03
3.479000000000000000e+03
2.581000000000000000e+03
3.123000000000000000e+03
2.921000000000000000e+03
4.377000000000000000e+03
2.644000000000000000e+03
4.286000000000000000e+03
4.040000000000000000e+03
2.034000000000000000e+03
1.022000000000000000e+03
2.282000000000000000e+03
4.886000000000000000e+03
4.219000000000000000e+03
3.063000000000000000e+03
4.365000000000000000e+03
6.650000000000000000e+02
3.932000000000000000e+03
2.638000000000000000e+03
3.176000000000000000e+03
4.265000000000000000e+03
3.121000000000000000e+03
1.017000000000000000e+03
5.570000000000000000e+02
2.399000000000000000e+03
1.207000000000000000e+03
2.005000000000000000e+03
2.656000000000000000e+03
2.135000000000000000e+03
1.510000000000000000e+03
1.736000000000000000e+03
2.450000000000000000e+02
1.163000000000000000e+03
3.362000000000000000e+03
2.660000000000000000e+02
2.366000000000000000e+03
1.114000000000000000e+03
6.300000000000000000e+01
2.592000000000000000e+03
2.788000000000000000e+03
2.757000000000000000e+03
3.011000000000000000e+03
3.076000000000000000e+03
2.998000000000000000e+03
2.815000000000000000e+03
2.259000000000000000e+03
4.958000000000000000e+03
3.204000000000000000e+03
1.237000000000000000e+03
1.030000000000000000e+02
2.643000000000000000e+03
2.720000000000000000e+02
5.080000000000000000e+02
2.226000000000000000e+03
4.933000000000000000e+03
2.441000000000000000e+03
8.650000000000000000e+02
3.326000000000000000e+03
9.080000000000000000e+02
2.114000000000000000e+03
3.896000000000000000e+03
1.627000000000000000e+03
2.873000000000000000e+03
1.522000000000000000e+03
8.350000000000000000e+02
3.580000000000000000e+02
1.380000000000000000e+02
2.990000000000000000e+02
1.556000000000000000e+03
1.003000000000000000e+03
3.820000000000000000e+02
9.410000000000000000e+02
4.446000000000000000e+03
4.854000000000000000e+03
7.610000000000000000e+02
1.705000000000000000e+03
1.873000000000000000e+03
2.550000000000000000e+03
2.086000000000000000e+03
2.197000000000000000e+03
8.980000000000000000e+02
3.999000000000000000e+03
3.615000000000000000e+03
1.402000000000000000e+03
3.873000000000000000e+03
3.785000000000000000e+03
4.386000000000000000e+03
2.955000000000000000e+03
1.512000000000000000e+03
1.188000000000000000e+03
2.989000000000000000e+03
2.080000000000000000e+03
4.983000000000000000e+03
3.437000000000000000e+03
1.080000000000000000e+02
4.698000000000000000e+03
2.827000000000000000e+03
4.747000000000000000e+03
5.800000000000000000e+01
7.600000000000000000e+01
7.960000000000000000e+02
3.680000000000000000e+02
4.905000000000000000e+03
7.850000000000000000e+02
2.088000000000000000e+03
2.314000000000000000e+03
3.384000000000000000e+03
3.605000000000000000e+03
4.111000000000000000e+03
1.902000000000000000e+03
1.703000000000000000e+03
1.210000000000000000e+02
1.844000000000000000e+03
2.369000000000000000e+03
3.728000000000000000e+03
9.100000000000000000e+02
1.240000000000000000e+02
2.572000000000000000e+03
1.586000000000000000e+03
1.257000000000000000e+03
3.441000000000000000e+03
3.480000000000000000e+03
4.108000000000000000e+03
1.178000000000000000e+03
3.463000000000000000e+03
3.469000000000000000e+03
3.467000000000000000e+03
2.103000000000000000e+03
4.420000000000000000e+02
2.227000000000000000e+03
4.416000000000000000e+03
9.250000000000000000e+02
4.020000000000000000e+03
2.145000000000000000e+03
4.770000000000000000e+03
1.411000000000000000e+03
3.466000000000000000e+03
2.072000000000000000e+03
1.509000000000000000e+03
1.227000000000000000e+03
4.072000000000000000e+03
2.585000000000000000e+03
4.450000000000000000e+03
2.951000000000000000e+03
3.885000000000000000e+03
3.240000000000000000e+02
3.977000000000000000e+03
3.576000000000000000e+03
2.211000000000000000e+03
3.298000000000000000e+03
3.035000000000000000e+03
1.498000000000000000e+03
1.502000000000000000e+03
1.006000000000000000e+03
4.179000000000000000e+03
3.013000000000000000e+03
3.516000000000000000e+03
1.467000000000000000e+03
1.225000000000000000e+03
3.167000000000000000e+03
2.267000000000000000e+03
3.808000000000000000e+03
1.216000000000000000e+03
3.976000000000000000e+03
4.584000000000000000e+03
4.200000000000000000e+02
3.422000000000000000e+03
6.000000000000000000e+00
9.320000000000000000e+02
1.691000000000000000e+03
4.390000000000000000e+02
1.313000000000000000e+03
6.780000000000000000e+02
1.943000000000000000e+03
4.610000000000000000e+03
3.303000000000000000e+03
2.268000000000000000e+03
4.633000000000000000e+03
4.080000000000000000e+03
2.518000000000000000e+03
2.439000000000000000e+03
4.037000000000000000e+03
1.893000000000000000e+03
4.244000000000000000e+03
4.829000000000000000e+03
2.640000000000000000e+03
1.940000000000000000e+02
1.474000000000000000e+03
4.616000000000000000e+03
1.211000000000000000e+03
2.438000000000000000e+03
1.657000000000000000e+03
2.700000000000000000e+03
3.082000000000000000e+03
2.705000000000000000e+03
4.226000000000000000e+03
2.842000000000000000e+03
2.302000000000000000e+03
1.130000000000000000e+03
1.461000000000000000e+03
2.760000000000000000e+02
2.222000000000000000e+03
2.331000000000000000e+03
4.322000000000000000e+03
1.302000000000000000e+03
2.517000000000000000e+03
2.220000000000000000e+02
2.036000000000000000e+03
1.924000000000000000e+03
5.730000000000000000e+02
1.236000000000000000e+03
3.544000000000000000e+03
2.133000000000000000e+03
1.334000000000000000e+03
2.457000000000000000e+03
4.180000000000000000e+02
4.914000000000000000e+03
1.104000000000000000e+03
2.570000000000000000e+02
2.950000000000000000e+02
2.361000000000000000e+03
3.860000000000000000e+02
3.308000000000000000e+03
4.013000000000000000e+03
2.231000000000000000e+03
2.554000000000000000e+03
4.335000000000000000e+03
3.515000000000000000e+03
1.839000000000000000e+03
4.384000000000000000e+03
1.563000000000000000e+03
2.015000000000000000e+03
1.400000000000000000e+03
7.120000000000000000e+02
2.420000000000000000e+03
2.619000000000000000e+03
2.090000000000000000e+02
4.944000000000000000e+03
1.289000000000000000e+03
4.490000000000000000e+02
4.091000000000000000e+03
2.569000000000000000e+03
1.820000000000000000e+03
9.580000000000000000e+02
1.793000000000000000e+03
4.786000000000000000e+03
6.540000000000000000e+02
2.407000000000000000e+03
3.852000000000000000e+03
1.995000000000000000e+03
1.760000000000000000e+03
2.354000000000000000e+03
2.741000000000000000e+03
2.617000000000000000e+03
4.110000000000000000e+02
1.774000000000000000e+03
3.978000000000000000e+03
2.186000000000000000e+03
2.379000000000000000e+03
3.963000000000000000e+03
4.311000000000000000e+03
4.774000000000000000e+03
3.702000000000000000e+03
3.972000000000000000e+03
4.765000000000000000e+03
3.558000000000000000e+03
4.110000000000000000e+03
3.497000000000000000e+03
3.765000000000000000e+03
4.300000000000000000e+02
4.484000000000000000e+03
2.321000000000000000e+03
1.366000000000000000e+03
1.992000000000000000e+03
2.851000000000000000e+03
1.176000000000000000e+03
3.528000000000000000e+03
1.476000000000000000e+03
3.740000000000000000e+03
2.045000000000000000e+03
1.020000000000000000e+02
4.331000000000000000e+03
2.992000000000000000e+03
1.263000000000000000e+03
2.881000000000000000e+03
3.138000000000000000e+03
3.622000000000000000e+03
3.203000000000000000e+03
4.278000000000000000e+03
3.299000000000000000e+03
4.993000000000000000e+03
3.633000000000000000e+03
1.643000000000000000e+03
4.505000000000000000e+03
0.000000000000000000e+00
1.580000000000000000e+03
4.422000000000000000e+03
4.116000000000000000e+03
1.356000000000000000e+03
4.201000000000000000e+03
4.574000000000000000e+03
3.733000000000000000e+03
2.025000000000000000e+03
2.218000000000000000e+03
3.960000000000000000e+02
4.941000000000000000e+03
1.064000000000000000e+03
3.080000000000000000e+03
2.153000000000000000e+03
8.180000000000000000e+02
1.812000000000000000e+03
2.552000000000000000e+03
1.552000000000000000e+03
4.047000000000000000e+03
8.160000000000000000e+02
1.572000000000000000e+03
4.552000000000000000e+03
1.800000000000000000e+03
4.287000000000000000e+03
3.810000000000000000e+02
2.874000000000000000e+03
4.347000000000000000e+03
4.626000000000000000e+03
3.503000000000000000e+03
2.311000000000000000e+03
1.780000000000000000e+03
2.726000000000000000e+03
2.437000000000000000e+03
2.333000000000000000e+03
8.640000000000000000e+02
3.638000000000000000e+03
3.164000000000000000e+03
5.540000000000000000e+02
1.159000000000000000e+03
1.213000000000000000e+03
3.760000000000000000e+03
4.213000000000000000e+03
4.800000000000000000e+01
2.367000000000000000e+03
7.000000000000000000e+02
6.520000000000000000e+02
3.933000000000000000e+03
4.409000000000000000e+03
3.311000000000000000e+03
7.480000000000000000e+02
1.455000000000000000e+03
4.195000000000000000e+03
2.389000000000000000e+03
3.494000000000000000e+03
8.660000000000000000e+02
7.520000000000000000e+02
1.644000000000000000e+03
9.200000000000000000e+01
4.824000000000000000e+03
3.101000000000000000e+03
2.432000000000000000e+03
2.629000000000000000e+03
1.490000000000000000e+03
2.895000000000000000e+03
2.177000000000000000e+03
7.290000000000000000e+02
4.759000000000000000e+03
2.471000000000000000e+03
2.242000000000000000e+03
1.936000000000000000e+03
1.745000000000000000e+03
4.746000000000000000e+03
4.373000000000000000e+03
3.491000000000000000e+03
1.110000000000000000e+03
3.337000000000000000e+03
4.032000000000000000e+03
4.471000000000000000e+03
4.157000000000000000e+03
3.460000000000000000e+02
1.185000000000000000e+03
4.006000000000000000e+03
1.515000000000000000e+03
4.669000000000000000e+03
5.780000000000000000e+02
1.964000000000000000e+03
7.500000000000000000e+01
1.429000000000000000e+03
3.712000000000000000e+03
4.430000000000000000e+03
2.751000000000000000e+03
4.952000000000000000e+03
1.846000000000000000e+03
1.310000000000000000e+02
1.780000000000000000e+02
2.899000000000000000e+03
4.466000000000000000e+03
4.194000000000000000e+03
2.522000000000000000e+03
1.842000000000000000e+03
2.098000000000000000e+03
3.949000000000000000e+03
2.373000000000000000e+03
6.040000000000000000e+02
2.627000000000000000e+03
2.500000000000000000e+01
6.580000000000000000e+02
4.977000000000000000e+03
3.317000000000000000e+03
3.868000000000000000e+03
1.730000000000000000e+02
1.611000000000000000e+03
4.370000000000000000e+02
3.310000000000000000e+02
3.100000000000000000e+03
1.454000000000000000e+03
3.420000000000000000e+02
3.209000000000000000e+03
4.576000000000000000e+03
1.088000000000000000e+03
4.790000000000000000e+02
7.270000000000000000e+02
3.783000000000000000e+03
9.760000000000000000e+02
3.784000000000000000e+03
2.977000000000000000e+03
1.928000000000000000e+03
1.468000000000000000e+03
1.224000000000000000e+03
2.856000000000000000e+03
1.952000000000000000e+03
4.830000000000000000e+03
4.500000000000000000e+03
1.892000000000000000e+03
1.299000000000000000e+03
2.990000000000000000e+03
4.599000000000000000e+03
6.600000000000000000e+02
4.577000000000000000e+03
4.073000000000000000e+03
2.784000000000000000e+03
4.937000000000000000e+03
3.827000000000000000e+03
2.714000000000000000e+03
4.657000000000000000e+03
2.670000000000000000e+02
4.442000000000000000e+03
4.959000000000000000e+03
3.372000000000000000e+03
3.595000000000000000e+03
4.316000000000000000e+03
3.722000000000000000e+03
3.406000000000000000e+03
1.278000000000000000e+03
4.640000000000000000e+03
3.917000000000000000e+03
2.678000000000000000e+03
1.621000000000000000e+03
4.103000000000000000e+03
2.857000000000000000e+03
1.896000000000000000e+03
3.924000000000000000e+03
3.014000000000000000e+03
4.438000000000000000e+03
6.700000000000000000e+01
2.042000000000000000e+03
2.580000000000000000e+03
3.782000000000000000e+03
3.790000000000000000e+03
8.200000000000000000e+02
1.226000000000000000e+03
2.991000000000000000e+03
3.132000000000000000e+03
2.743000000000000000e+03
4.457000000000000000e+03
4.269000000000000000e+03
3.349000000000000000e+03
1.143000000000000000e+03
3.970000000000000000e+02
2.906000000000000000e+03
4.301000000000000000e+03
2.759000000000000000e+03
1.398000000000000000e+03
1.659000000000000000e+03
9.790000000000000000e+02
1.298000000000000000e+03
3.555000000000000000e+03
8.200000000000000000e+01
4.507000000000000000e+03
2.458000000000000000e+03
3.739000000000000000e+03
3.781000000000000000e+03
2.288000000000000000e+03
4.230000000000000000e+02
4.339000000000000000e+03
1.904000000000000000e+03
4.538000000000000000e+03
3.352000000000000000e+03
3.102000000000000000e+03
1.565000000000000000e+03
3.355000000000000000e+03
8.390000000000000000e+02
5.000000000000000000e+02
1.410000000000000000e+02
1.377000000000000000e+03
3.697000000000000000e+03
2.144000000000000000e+03
1.138000000000000000e+03
2.927000000000000000e+03
1.787000000000000000e+03
3.484000000000000000e+03
5.500000000000000000e+02
4.906000000000000000e+03
2.019000000000000000e+03
9.480000000000000000e+02
2.600000000000000000e+03
5.320000000000000000e+02
1.829000000000000000e+03
2.917000000000000000e+03
4.418000000000000000e+03
3.871000000000000000e+03
1.602000000000000000e+03
6.390000000000000000e+02
4.832000000000000000e+03
9.670000000000000000e+02
4.237000000000000000e+03
2.697000000000000000e+03
1.683000000000000000e+03
4.470000000000000000e+03
2.342000000000000000e+03
1.550000000000000000e+02
2.487000000000000000e+03
4.641000000000000000e+03
1.089000000000000000e+03
2.655000000000000000e+03
4.240000000000000000e+03
2.880000000000000000e+02
9.300000000000000000e+02
2.535000000000000000e+03
4.028000000000000000e+03
3.371000000000000000e+03
4.621000000000000000e+03
3.291000000000000000e+03
9.420000000000000000e+02
3.859000000000000000e+03
4.662000000000000000e+03
1.698000000000000000e+03
4.708000000000000000e+03
3.200000000000000000e+03
4.601000000000000000e+03
4.608000000000000000e+03
9.850000000000000000e+02
3.318000000000000000e+03
2.867000000000000000e+03
4.056000000000000000e+03
4.777000000000000000e+03
9.810000000000000000e+02
2.492000000000000000e+03
3.792000000000000000e+03
3.548000000000000000e+03
2.942000000000000000e+03
3.527000000000000000e+03
3.845000000000000000e+03
1.457000000000000000e+03
1.395000000000000000e+03
2.640000000000000000e+02
4.095000000000000000e+03
9.290000000000000000e+02
4.871000000000000000e+03
2.692000000000000000e+03
2.460000000000000000e+02
3.589000000000000000e+03
1.758000000000000000e+03
4.865000000000000000e+03
2.810000000000000000e+03
9.230000000000000000e+02
2.880000000000000000e+03
2.680000000000000000e+02
6.690000000000000000e+02
4.475000000000000000e+03
1.910000000000000000e+03
2.985000000000000000e+03
1.152000000000000000e+03
4.817000000000000000e+03
3.455000000000000000e+03
4.241000000000000000e+03
4.549000000000000000e+03
2.172000000000000000e+03
4.515000000000000000e+03
1.915000000000000000e+03
6.120000000000000000e+02
2.406000000000000000e+03
4.205000000000000000e+03
1.898000000000000000e+03
1.649000000000000000e+03
2.607000000000000000e+03
2.580000000000000000e+02
8.470000000000000000e+02
4.251000000000000000e+03
1.233000000000000000e+03
1.127000000000000000e+03
1.967000000000000000e+03
5.580000000000000000e+02
3.905000000000000000e+03
4.840000000000000000e+02
1.320000000000000000e+03
3.404000000000000000e+03
7.000000000000000000e+00
3.279000000000000000e+03
3.189000000000000000e+03
1.450000000000000000e+03
3.980000000000000000e+03
1.814000000000000000e+03
7.730000000000000000e+02
1.011000000000000000e+03
2.818000000000000000e+03
3.275000000000000000e+03
1.991000000000000000e+03
1.277000000000000000e+03
1.783000000000000000e+03
3.105000000000000000e+03
4.460000000000000000e+02
8.800000000000000000e+02
4.459000000000000000e+03
7.810000000000000000e+02
1.749000000000000000e+03
3.388000000000000000e+03
4.881000000000000000e+03
8.830000000000000000e+02
2.944000000000000000e+03
1.091000000000000000e+03
4.783000000000000000e+03
5.310000000000000000e+02
4.022000000000000000e+03
4.421000000000000000e+03
4.098000000000000000e+03
1.727000000000000000e+03
6.100000000000000000e+02
5.700000000000000000e+02
2.671000000000000000e+03
3.718000000000000000e+03
3.430000000000000000e+02
3.000000000000000000e+03
3.139000000000000000e+03
4.340000000000000000e+02
1.903000000000000000e+03
3.804000000000000000e+03
4.776000000000000000e+03
2.069000000000000000e+03
1.537000000000000000e+03
2.252000000000000000e+03
2.346000000000000000e+03
1.517000000000000000e+03
9.650000000000000000e+02
4.406000000000000000e+03
5.280000000000000000e+02
1.760000000000000000e+02
3.482000000000000000e+03
2.543000000000000000e+03
4.935000000000000000e+03
5.720000000000000000e+02
2.299000000000000000e+03
3.508000000000000000e+03
2.459000000000000000e+03
3.609000000000000000e+03
4.554000000000000000e+03
2.208000000000000000e+03
4.720000000000000000e+03
2.755000000000000000e+03
3.830000000000000000e+02
8.520000000000000000e+02
1.880000000000000000e+03
3.700000000000000000e+02
2.378000000000000000e+03
4.323000000000000000e+03
1.105000000000000000e+03
3.413000000000000000e+03
3.946000000000000000e+03
1.336000000000000000e+03
2.189000000000000000e+03
4.594000000000000000e+03
2.319000000000000000e+03
4.705000000000000000e+03
3.710000000000000000e+03
4.848000000000000000e+03
1.171000000000000000e+03
4.325000000000000000e+03
2.694000000000000000e+03
1.422000000000000000e+03
2.341000000000000000e+03
2.651000000000000000e+03
4.155000000000000000e+03
1.464000000000000000e+03
8.740000000000000000e+02
3.339000000000000000e+03
4.340000000000000000e+03
1.251000000000000000e+03
2.348000000000000000e+03
8.400000000000000000e+02
4.568000000000000000e+03
5.810000000000000000e+02
2.040000000000000000e+02
1.641000000000000000e+03
2.014000000000000000e+03
9.050000000000000000e+02
6.310000000000000000e+02
3.364000000000000000e+03
1.974000000000000000e+03
1.620000000000000000e+02
3.172000000000000000e+03
3.612000000000000000e+03
4.675000000000000000e+03
6.170000000000000000e+02
4.068000000000000000e+03
1.431000000000000000e+03
5.470000000000000000e+02
3.334000000000000000e+03
4.546000000000000000e+03
4.223000000000000000e+03
2.387000000000000000e+03
4.243000000000000000e+03
3.995000000000000000e+03
4.065000000000000000e+03
1.861000000000000000e+03
6.400000000000000000e+02
3.902000000000000000e+03
6.370000000000000000e+02
4.262000000000000000e+03
3.910000000000000000e+03
2.986000000000000000e+03
2.096000000000000000e+03
4.611000000000000000e+03
3.075000000000000000e+03
3.674000000000000000e+03
2.841000000000000000e+03
9.210000000000000000e+02
5.460000000000000000e+02
3.666000000000000000e+03
1.900000000000000000e+03
2.028000000000000000e+03
2.301000000000000000e+03
1.885000000000000000e+03
1.642000000000000000e+03
3.509000000000000000e+03
4.809000000000000000e+03
2.097000000000000000e+03
4.357000000000000000e+03
3.788000000000000000e+03
4.494000000000000000e+03
4.967000000000000000e+03
8.360000000000000000e+02
6.010000000000000000e+02
2.184000000000000000e+03
3.865000000000000000e+03
2.481000000000000000e+03
4.307000000000000000e+03
1.582000000000000000e+03
4.266000000000000000e+03
2.533000000000000000e+03
2.725000000000000000e+03
1.070000000000000000e+03
1.775000000000000000e+03
4.808000000000000000e+03
1.283000000000000000e+03
3.050000000000000000e+03
4.753000000000000000e+03
1.836000000000000000e+03
4.242000000000000000e+03
1.019000000000000000e+03
4.133000000000000000e+03
1.326000000000000000e+03
4.750000000000000000e+02
4.271000000000000000e+03
1.651000000000000000e+03
3.998000000000000000e+03
4.467000000000000000e+03
2.610000000000000000e+03
2.476000000000000000e+03
2.583000000000000000e+03
1.373000000000000000e+03
7.390000000000000000e+02
3.618000000000000000e+03
2.440000000000000000e+03
8.670000000000000000e+02
1.140000000000000000e+03
9.970000000000000000e+02
1.337000000000000000e+03
5.410000000000000000e+02
1.099000000000000000e+03
1.132000000000000000e+03
4.064000000000000000e+03
2.715000000000000000e+03
2.258000000000000000e+03
4.750000000000000000e+03
5.900000000000000000e+01
2.883000000000000000e+03
1.938000000000000000e+03
2.576000000000000000e+03
4.936000000000000000e+03
1.078000000000000000e+03
3.249000000000000000e+03
3.127000000000000000e+03
2.488000000000000000e+03
9.400000000000000000e+02
1.080000000000000000e+03
1.870000000000000000e+02
2.634000000000000000e+03
2.085000000000000000e+03
2.249000000000000000e+03
4.890000000000000000e+03
2.023000000000000000e+03
3.539000000000000000e+03
4.048000000000000000e+03
3.606000000000000000e+03
2.260000000000000000e+02
4.847000000000000000e+03
1.929000000000000000e+03
3.055000000000000000e+03
4.489000000000000000e+03
1.404000000000000000e+03
2.179000000000000000e+03
6.970000000000000000e+02
1.124000000000000000e+03
3.361000000000000000e+03
4.135000000000000000e+03
1.778000000000000000e+03
2.858000000000000000e+03
1.037000000000000000e+03
4.456000000000000000e+03
2.256000000000000000e+03
3.130000000000000000e+02
2.281000000000000000e+03
1.416000000000000000e+03
1.036000000000000000e+03
2.159000000000000000e+03
4.163000000000000000e+03
1.754000000000000000e+03
3.112000000000000000e+03
2.813000000000000000e+03
2.698000000000000000e+03
3.207000000000000000e+03
4.350000000000000000e+03
3.431000000000000000e+03
1.506000000000000000e+03
1.923000000000000000e+03
4.480000000000000000e+02
4.128000000000000000e+03
2.528000000000000000e+03
4.969000000000000000e+03
2.789000000000000000e+03
3.610000000000000000e+02
2.183000000000000000e+03
1.134000000000000000e+03
3.880000000000000000e+03
2.155000000000000000e+03
1.830000000000000000e+03
1.053000000000000000e+03
2.200000000000000000e+01
2.066000000000000000e+03
1.653000000000000000e+03
2.587000000000000000e+03
3.210000000000000000e+03
4.302000000000000000e+03
4.036000000000000000e+03
2.325000000000000000e+03
4.600000000000000000e+02
1.067000000000000000e+03
8.700000000000000000e+01
1.430000000000000000e+03
2.647000000000000000e+03
2.820000000000000000e+02
4.620000000000000000e+02
2.120000000000000000e+02
2.499000000000000000e+03
1.368000000000000000e+03
2.340000000000000000e+02
2.770000000000000000e+03
5.970000000000000000e+02
4.420000000000000000e+03
2.250000000000000000e+03
4.031000000000000000e+03
2.283000000000000000e+03
6.620000000000000000e+02
4.963000000000000000e+03
2.285000000000000000e+03
4.716000000000000000e+03
3.193000000000000000e+03
2.503000000000000000e+03
4.043000000000000000e+03
7.790000000000000000e+02
4.019000000000000000e+03
3.426000000000000000e+03
4.306000000000000000e+03
3.196000000000000000e+03
4.835000000000000000e+03
6.850000000000000000e+02
3.169000000000000000e+03
3.926000000000000000e+03
3.434000000000000000e+03
2.171000000000000000e+03
3.689000000000000000e+03
1.850000000000000000e+03
4.870000000000000000e+02
1.688000000000000000e+03
2.230000000000000000e+03
3.264000000000000000e+03
2.320000000000000000e+03
7.820000000000000000e+02
5.210000000000000000e+02
5.220000000000000000e+02
2.837000000000000000e+03
4.539000000000000000e+03
2.398000000000000000e+03
2.207000000000000000e+03
3.477000000000000000e+03
3.552000000000000000e+03
4.087000000000000000e+03
2.822000000000000000e+03
